tweet_id,sentiment
160001,neg
160002,neg
160003,pos
160004,pos
160005,neg
160006,pos
160007,neg
160008,pos
160009,neu
160010,neu
160011,neg
160012,neg
160013,pos
160014,neg
160015,neg
160016,neu
160017,neu
160018,neg
160019,pos
160020,neu
160021,neg
160022,pos
160023,neg
160024,neg
160025,pos
160026,neg
160027,pos
160028,neg
160029,neu
160030,neg
160031,pos
160032,neu
160033,neg
160034,neg
160035,neu
160036,neg
160037,neu
160038,neu
160039,neu
160040,neu
160041,neg
160042,pos
160043,pos
160044,neu
160045,neg
160046,neu
160047,neg
160048,neg
160049,neg
160050,neg
160051,pos
160052,neu
160053,neg
160054,neg
160055,pos
160056,neu
160057,neg
160058,pos
160059,pos
160060,pos
160061,neg
160062,pos
160063,neg
160064,pos
160065,neg
160066,neu
160067,neg
160068,neg
160069,pos
160070,pos
160071,neg
160072,neu
160073,pos
160074,neu
160075,neg
160076,neu
160077,neu
160078,neu
160079,pos
160080,neg
160081,neu
160082,pos
160083,neg
160084,neg
160085,pos
160086,neg
160087,neu
160088,neg
160089,neu
160090,neu
160091,neg
160092,pos
160093,neg
160094,neu
160095,pos
160096,neu
160097,neg
160098,neg
160099,neu
160100,neg
160101,neu
160102,pos
160103,pos
160104,pos
160105,pos
160106,neg
160107,neu
160108,pos
160109,neg
160110,neg
160111,pos
160112,neg
160113,neg
160114,neg
160115,neg
160116,neg
160117,pos
160118,neg
160119,neu
160120,pos
160121,pos
160122,pos
160123,neg
160124,neg
160125,neg
160126,neu
160127,neg
160128,neg
160129,pos
160130,neg
160131,neg
160132,neg
160133,neg
160134,pos
160135,neg
160136,pos
160137,neg
160138,neg
160139,neg
160140,pos
160141,pos
160142,neu
160143,pos
160144,neg
160145,neg
160146,neg
160147,neg
160148,neg
160149,pos
160150,neg
160151,pos
160152,pos
160153,neu
160154,neg
160155,neg
160156,pos
160157,neu
160158,neg
160159,pos
160160,pos
160161,neg
160162,neg
160163,pos
160164,neg
160165,pos
160166,neg
160167,pos
160168,neg
160169,pos
160170,neg
160171,neu
160172,neg
160173,neg
160174,neg
160175,neg
160176,neg
160177,pos
160178,pos
160179,neg
160180,pos
160181,neg
160182,neg
160183,pos
160184,neu
160185,neg
160186,pos
160187,neg
160188,pos
160189,pos
160190,pos
160191,neg
160192,pos
160193,neg
160194,neg
160195,neg
160196,pos
160197,neg
160198,pos
160199,pos
160200,neg
160201,neu
160202,neu
160203,neu
160204,neu
160205,pos
160206,pos
160207,neu
160208,pos
160209,neg
160210,neg
160211,neu
160212,pos
160213,neg
160214,neg
160215,neu
160216,pos
160217,neu
160218,neg
160219,pos
160220,neg
160221,neu
160222,pos
160223,pos
160224,pos
160225,neu
160226,neg
160227,neg
160228,pos
160229,neu
160230,pos
160231,neg
160232,pos
160233,neg
160234,pos
160235,neg
160236,neg
160237,neg
160238,pos
160239,neg
160240,neg
160241,pos
160242,pos
160243,neg
160244,neg
160245,neg
160246,neg
160247,neg
160248,pos
160249,neg
160250,pos
160251,neg
160252,neg
160253,neu
160254,neg
160255,neg
160256,neu
160257,neg
160258,neg
160259,neg
160260,neg
160261,neg
160262,neg
160263,neg
160264,neg
160265,neg
160266,pos
160267,neg
160268,pos
160269,neu
160270,neg
160271,pos
160272,pos
160273,neg
160274,neg
160275,neg
160276,pos
160277,pos
160278,neu
160279,pos
160280,neg
160281,neu
160282,pos
160283,neg
160284,pos
160285,neg
160286,neg
160287,pos
160288,neu
160289,neg
160290,pos
160291,neg
160292,neu
160293,neg
160294,pos
160295,neg
160296,neg
160297,neg
160298,neg
160299,neu
160300,neg
160301,pos
160302,pos
160303,neu
160304,neu
160305,neg
160306,pos
160307,neg
160308,neg
160309,pos
160310,pos
160311,neg
160312,neg
160313,pos
160314,neg
160315,neg
160316,neg
160317,neg
160318,neu
160319,neg
160320,pos
160321,neg
160322,pos
160323,neg
160324,pos
160325,neg
160326,pos
160327,neg
160328,pos
160329,neu
160330,neg
160331,neu
160332,pos
160333,neg
160334,neg
160335,neg
160336,neg
160337,pos
160338,neg
160339,neg
160340,neu
160341,neg
160342,pos
160343,neu
160344,neg
160345,pos
160346,neg
160347,neg
160348,neu
160349,pos
160350,neg
160351,pos
160352,neg
160353,neg
160354,neg
160355,neu
160356,pos
160357,neg
160358,neg
160359,neg
160360,neg
160361,neg
160362,neg
160363,neg
160365,pos
160366,neu
160367,neg
160368,neg
160369,neg
160370,neg
160371,neg
160372,neg
160373,neu
160374,neg
160375,pos
160376,neg
160377,neu
160378,pos
160379,neu
160380,pos
160381,neu
160382,neu
160383,pos
160384,neg
160385,neu
160386,pos
160387,pos
160388,pos
160389,pos
160390,pos
160391,neg
160392,neg
160393,pos
160394,neu
160395,pos
160396,neu
160397,pos
160398,pos
160399,neu
160400,neg
160401,pos
160402,pos
160403,pos
160404,neg
160405,neu
160406,pos
160407,pos
160408,neg
160409,neg
160410,neu
160411,pos
160412,neu
160413,pos
160414,pos
160415,neg
160416,neg
160417,neu
160418,neu
160419,pos
160420,pos
160421,neg
160422,pos
160423,neg
160424,neg
160425,pos
160426,pos
160427,neg
160428,neu
160429,pos
160430,neg
160431,pos
160432,neu
160433,neu
160434,neg
160435,pos
160436,neu
160437,pos
160438,pos
160439,neg
160440,neg
160441,neu
160442,neg
160443,pos
160444,pos
160445,neg
160446,pos
160447,neu
160448,pos
160449,neu
160450,pos
160451,neg
160452,pos
160453,pos
160454,pos
160455,neu
160456,neg
160457,pos
160458,pos
160459,neu
160460,neg
160461,pos
160462,pos
160463,pos
160464,neg
160465,pos
160466,neu
160467,neu
160468,pos
160469,neg
160470,neg
160471,neu
160472,neg
160473,neg
160474,neg
160475,neu
160476,neg
160477,neg
160478,neg
160479,neg
160480,pos
160481,neu
160482,neg
160483,pos
160484,neu
160485,neg
160486,neu
160487,pos
160488,neg
160489,pos
160490,pos
160491,pos
160492,neg
160493,pos
160494,neu
160495,pos
160496,neg
160497,pos
160498,neg
160499,neg
160500,neg
160501,neg
160502,pos
160503,neu
160504,pos
160506,pos
160507,neu
160508,neu
160509,pos
160510,neg
160511,neu
160512,neg
160513,pos
160514,pos
160515,neu
160516,neg
160517,neg
160518,neu
160519,pos
160520,pos
160521,neg
160522,neg
160523,neg
160524,neu
160525,pos
160526,neg
160527,pos
160528,neu
160529,pos
160530,pos
160531,pos
160532,neu
160533,neg
160534,neg
160535,pos
160536,neg
160537,pos
160538,neg
160539,pos
160540,pos
160541,neg
160542,pos
160543,neg
160544,pos
160545,pos
160546,neg
160547,pos
160548,neg
160549,pos
160550,neg
160551,pos
160552,pos
160553,neu
160555,neg
160556,neg
160557,neu
160558,neg
160559,neg
160560,pos
160561,neu
160562,neg
160563,pos
160564,pos
160565,neg
160566,pos
160567,pos
160568,neg
160569,neg
160570,neg
160571,pos
160572,neu
160573,neu
160574,neu
160575,neu
160576,pos
160577,neu
160578,pos
160579,neu
160580,neu
160581,pos
160582,neu
160583,neg
160584,pos
160585,neg
160586,pos
160587,neg
160588,neg
160589,pos
160590,neg
160591,neu
160592,neu
160593,pos
160594,pos
160596,neg
160597,neg
160598,neg
160599,neu
160600,neg
160601,neg
160602,pos
160603,pos
160604,neu
160605,neu
160606,pos
160607,neg
160608,pos
160609,neg
160610,neg
160611,neg
160612,neu
160613,neg
160614,neu
160615,neu
160616,neg
160617,neg
160618,neu
160619,neg
160620,pos
160621,neg
160622,pos
160623,neg
160624,pos
160625,neg
160626,neg
160627,neg
160628,neu
160629,neg
160630,pos
160631,neg
160632,neg
160633,pos
160634,neu
160635,neg
160636,neg
160637,neu
160638,pos
160639,pos
160640,pos
160641,neg
160642,neu
160643,neg
160644,neu
160645,neg
160646,pos
160647,neu
160648,neu
160649,neg
160650,pos
160651,pos
160652,neu
160653,neg
160654,pos
160655,neu
160656,pos
160657,neg
160658,neu
160659,neg
160660,neg
160661,pos
160662,neu
160663,neu
160664,neg
160665,pos
160666,neu
160667,neg
160668,neg
160669,neg
160670,pos
160671,pos
160672,neg
160673,neg
160674,neg
160675,neu
160676,pos
160677,neg
160678,neg
160679,pos
160680,neg
160681,pos
160682,neg
160683,neu
160684,pos
160685,pos
160686,neg
160687,pos
160688,neg
160689,neg
160690,neg
160691,neg
160692,neg
160693,neg
160694,neg
160695,neg
160696,neg
160697,neg
160698,neg
160699,pos
160700,neu
160701,pos
160702,pos
160703,neg
160704,neg
160705,neg
160706,pos
160707,neg
160708,neu
160709,neg
160710,neu
160711,neu
160712,neu
160713,pos
160714,neg
160715,neg
160716,neg
160717,neg
160718,neg
160719,pos
160720,neu
160721,pos
160722,neu
160723,neg
160724,neu
160725,pos
160726,neg
160727,pos
160728,pos
160729,neg
160730,neu
160731,pos
160732,pos
160733,neg
160734,pos
160735,neg
160736,neg
160737,neg
160738,neg
160739,pos
160740,pos
160741,neg
160742,pos
160743,pos
160744,neu
160745,neg
160746,neu
160747,neg
160748,neg
160749,neg
160750,neg
160751,neg
160752,neg
160753,neg
160754,neg
160755,neg
160756,neu
160757,neg
160759,neg
160760,pos
160761,neg
160762,neu
160763,pos
160764,neg
160765,pos
160766,pos
160767,neg
160768,neu
160769,neg
160770,neg
160771,pos
160772,neg
160773,neg
160774,neg
160775,pos
160776,neu
160777,pos
160778,pos
160779,pos
160780,neg
160781,neg
160782,pos
160783,neu
160784,neu
160785,pos
160786,neu
160787,neg
160788,pos
160789,pos
160790,pos
160791,neg
160792,pos
160793,neu
160794,neg
160795,neu
160796,neg
160797,pos
160798,pos
160799,pos
160800,pos
160801,neg
160802,neg
160803,pos
160804,neu
160805,neg
160806,neg
160807,neg
160808,neu
160809,neg
160810,pos
160811,neg
160812,pos
160813,pos
160814,pos
160815,neg
160816,pos
160817,neg
160818,pos
160819,neg
160820,neg
160821,pos
160822,neg
160823,neu
160824,neg
160825,pos
160826,neg
160827,neg
160828,neg
160829,neg
160830,pos
160831,pos
160832,neg
160833,pos
160834,neg
160835,neg
160836,pos
160837,neg
160838,pos
160839,neg
160840,pos
160841,neu
160842,neg
160843,neg
160844,neg
160845,neu
160846,neu
160847,neg
160848,neg
160849,neg
160850,neu
160851,pos
160852,pos
160853,pos
160854,neg
160855,neg
160856,neu
160857,neg
160858,neg
160859,neg
160860,pos
160861,pos
160862,pos
160863,neg
160864,neg
160865,neu
160866,neu
160867,neg
160868,neu
160869,neg
160870,neg
160871,pos
160872,neg
160873,neg
160874,pos
160875,pos
160876,neg
160877,neg
160878,pos
160879,neu
160880,pos
160881,neg
160882,pos
160883,pos
160884,pos
160885,neg
160886,neg
160887,pos
160888,pos
160889,pos
160890,neu
160891,neu
160892,pos
160893,neg
160894,neu
160895,neu
160896,neg
160897,neu
160898,neu
160899,neg
160900,neu
160901,neu
160902,pos
160903,neg
160904,neg
160905,neg
160906,neg
160907,neg
160908,pos
160909,neg
160910,neu
160911,neg
160912,pos
160913,pos
160914,neu
160915,pos
160916,pos
160917,pos
160918,neg
160919,pos
160920,pos
160921,neg
160922,pos
160923,neu
160924,pos
160925,neg
160926,neu
160927,neg
160928,neu
160929,pos
160930,neg
160931,pos
160932,pos
160933,pos
160934,pos
160935,neg
160936,pos
160937,neg
160938,neg
160939,neg
160940,neg
160941,neg
160942,pos
160943,neu
160944,neg
160945,pos
160946,pos
160947,neg
160948,pos
160949,neg
160950,pos
160951,neg
160952,neu
160953,neu
160954,neu
160955,neg
160956,pos
160957,neg
160958,pos
160959,neu
160960,neg
160961,neg
160962,pos
160963,neg
160964,neg
160965,pos
160966,pos
160967,neg
160968,neg
160969,neg
160970,neg
160971,pos
160972,neg
160973,neg
160974,neg
160975,pos
160976,pos
160977,pos
160978,neu
160979,pos
160980,pos
160981,neu
160982,pos
160983,pos
160984,neg
160985,neu
160986,neg
160987,pos
160988,pos
160989,neg
160990,neu
160991,pos
160992,neu
160993,neu
160994,pos
160995,neg
160996,pos
160997,neg
160998,neg
160999,neg
161000,neu
161001,neg
161002,neg
161003,neu
161004,neg
161005,neg
161006,neg
161007,neg
161008,neg
161009,neg
161010,pos
161011,pos
161012,neg
161013,neu
161014,neg
161015,neu
161016,neg
161018,neu
161019,pos
161020,neg
161021,pos
161022,neu
161023,neg
161024,neg
161025,neg
161026,pos
161027,pos
161028,neg
161029,neg
161030,pos
161031,neg
161032,pos
161033,neu
161034,neg
161035,neg
161036,neg
161037,pos
161038,neu
161039,neu
161040,neu
161041,neg
161042,neg
161043,neu
161044,neu
161045,neg
161046,pos
161047,neu
161048,neu
161049,neg
161050,neg
161051,pos
161052,neu
161053,neg
161054,neu
161055,neg
161056,neg
161057,neu
161058,neg
161059,neu
161060,pos
161061,neu
161062,neg
161063,neu
161064,neg
161065,neg
161066,neg
161067,neg
161068,neu
161069,pos
161070,neu
161071,neg
161072,pos
161073,neg
161074,neg
161075,neg
161076,neu
161077,neg
161078,pos
161079,neg
161080,neg
161081,neu
161082,pos
161083,neg
161084,neu
161085,neu
161086,neg
161087,pos
161088,neu
161089,neu
161090,neu
161091,pos
161092,pos
161093,neg
161094,neg
161095,neg
161096,neu
161097,neg
161098,neg
161099,neg
161100,neu
161101,neg
161102,neu
161103,neg
161104,neg
161105,neg
161106,neu
161107,neu
161108,neg
161109,neu
161110,neu
161111,neg
161112,neg
161113,pos
161114,pos
161115,pos
161116,neg
161117,neg
161118,neg
161119,neu
161120,neg
161121,pos
161122,neu
161123,neg
161124,pos
161125,neu
161126,neg
161127,neg
161128,pos
161129,neu
161130,neg
161131,neu
161132,neu
161133,neg
161134,pos
161135,pos
161136,neg
161137,neg
161138,pos
161139,pos
161140,neg
161141,neg
161142,neg
161143,pos
161144,neg
161145,pos
161146,neg
161147,pos
161148,neu
161149,neg
161150,neg
161151,neg
161152,neu
161153,neg
161154,neg
161155,pos
161156,pos
161157,pos
161158,neg
161159,pos
161160,pos
161161,pos
161162,neg
161163,neg
161164,pos
161165,pos
161166,neu
161167,pos
161168,neu
161169,pos
161170,pos
161171,pos
161172,neg
161173,neg
161174,pos
161175,neu
161176,pos
161177,pos
161178,neg
161179,pos
161180,pos
161181,pos
161182,neg
161183,neu
161184,pos
161185,pos
161186,neg
161187,neu
161188,neg
161189,pos
161190,neg
161191,pos
161192,pos
161193,neu
161194,neg
161195,neg
161196,pos
161197,neg
161198,neg
161199,neg
161200,neg
161201,neu
161202,neg
161203,neu
161204,neg
161205,pos
161206,pos
161207,neu
161208,pos
161209,neg
161210,neg
161211,pos
161212,pos
161213,neg
161214,neg
161215,neg
161216,neu
161217,pos
161218,neg
161219,neg
161220,neg
161221,neu
161222,neg
161223,pos
161224,neu
161225,neg
161226,pos
161227,neg
161228,neu
161229,neu
161230,pos
161231,pos
161232,neg
161233,pos
161234,pos
161235,neg
161236,neu
161237,pos
161238,neu
161239,neg
161240,neg
161241,pos
161242,pos
161243,neg
161244,neg
161245,neg
161246,neu
161247,neg
161248,neg
161249,neg
161250,neg
161251,neg
161252,pos
161254,pos
161255,neu
161256,pos
161257,neu
161258,pos
161259,neg
161260,pos
161261,neg
161262,neg
161263,neu
161264,pos
161265,neg
161266,neg
161267,neg
161268,neg
161269,pos
161270,pos
161271,neg
161272,pos
161273,pos
161274,neu
161275,neu
161276,pos
161277,neg
161278,neg
161279,pos
161280,pos
161281,neg
161282,pos
161283,neg
161284,neu
161285,pos
161286,neg
161287,pos
161288,pos
161289,neu
161290,neg
161291,neu
161292,neg
161293,neu
161294,pos
161295,neu
161296,neu
161297,neg
161298,neu
161299,neg
161300,neg
161301,pos
161302,pos
161303,neu
161304,neg
161305,pos
161306,neg
161307,neu
161308,neg
161309,neg
161310,neu
161311,neu
161312,pos
161313,neg
161314,neg
161315,pos
161316,pos
161317,neg
161318,neu
161319,pos
161320,neg
161321,neg
161322,neg
161323,neg
161324,pos
161325,neg
161326,pos
161327,neu
161328,neu
161329,neg
161330,neg
161331,neu
161332,pos
161333,neu
161334,pos
161335,neg
161336,neg
161337,neu
161338,pos
161339,pos
161340,neg
161341,neg
161342,pos
161343,neu
161344,pos
161345,neu
161346,neu
161347,neu
161348,pos
161349,pos
161350,neg
161351,pos
161352,neu
161353,neg
161354,pos
161355,neg
161356,neg
161357,neg
161358,pos
161359,pos
161360,pos
161361,neg
161362,neg
161363,neg
161364,neu
161365,neg
161366,neg
161367,pos
161368,neg
161369,neg
161370,neg
161371,neg
161372,pos
161373,neg
161374,neg
161375,pos
161376,neg
161377,pos
161378,pos
161379,neg
161380,neg
161381,neg
161382,neg
161383,pos
161384,neg
161385,neu
161386,pos
161387,pos
161388,pos
161389,neg
161390,neg
161391,neg
161392,neg
161393,neu
161394,neg
161395,pos
161396,neg
161397,pos
161398,neg
161399,pos
161400,neg
161401,neg
161402,neg
161403,neg
161404,pos
161405,pos
161406,neu
161407,pos
161408,neu
161409,neg
161410,pos
161411,neu
161412,neg
161413,pos
161414,neu
161415,neg
161416,neg
161417,pos
161418,neg
161419,neu
161420,neu
161421,neg
161422,pos
161423,neg
161424,pos
161425,pos
161426,pos
161427,neg
161428,neg
161429,neg
161430,pos
161431,neu
161432,neg
161433,pos
161434,neg
161435,neg
161436,neg
161437,neg
161438,pos
161439,pos
161440,neu
161441,neu
161442,pos
161443,pos
161444,neg
161445,neu
161446,neg
161447,neu
161448,pos
161449,neg
161450,neg
161451,pos
161452,neg
161453,neu
161454,neg
161455,neg
161456,pos
161457,neg
161458,neg
161459,neu
161460,neg
161461,pos
161462,pos
161463,pos
161464,neu
161465,pos
161466,neg
161467,neg
161468,pos
161469,pos
161470,neg
161471,pos
161472,pos
161473,neg
161474,neg
161475,pos
161476,neg
161477,neg
161478,neg
161479,neu
161480,neg
161481,neu
161482,neg
161483,neg
161484,pos
161485,neg
161486,pos
161487,pos
161488,pos
161489,pos
161490,neg
161491,neg
161492,neg
161493,pos
161494,neg
161495,pos
161496,neg
161497,neg
161498,neg
161499,pos
161500,neg
161501,neg
161502,neu
161503,neu
161504,neu
161505,neg
161506,pos
161507,pos
161508,neu
161509,neg
161510,neg
161511,pos
161512,pos
161513,pos
161514,neg
161515,pos
161516,neg
161517,pos
161518,neg
161519,pos
161520,pos
161521,pos
161522,pos
161523,pos
161524,pos
161525,pos
161526,neg
161527,pos
161528,neg
161529,neg
161530,neg
161531,neg
161532,neg
161533,neg
161534,pos
161535,neg
161536,neg
161537,neu
161538,neu
161539,pos
161540,neg
161541,neu
161542,neg
161543,neg
161544,pos
161545,neu
161546,neg
161547,neg
161548,pos
161549,neu
161550,pos
161551,neu
161552,neu
161553,neg
161554,pos
161555,neg
161556,neu
161557,neu
161558,neg
161559,neu
161560,neg
161561,pos
161562,pos
161563,pos
161564,neu
161565,neu
161566,neu
161567,neg
161568,neg
161569,pos
161570,pos
161571,neu
161572,neg
161573,neg
161574,pos
161575,neg
161576,neu
161577,pos
161578,neg
161579,pos
161580,pos
161581,neu
161582,neg
161583,neu
161584,pos
161585,neg
161586,pos
161587,neg
161588,pos
161589,pos
161590,pos
161591,neu
161592,pos
161593,pos
161594,neg
161595,neg
161596,neg
161597,pos
161598,pos
161599,neg
161600,neu
161601,neg
161602,neu
161603,pos
161604,neu
161605,pos
161606,pos
161607,neg
161608,neg
161609,pos
161610,neg
161611,neg
161612,pos
161613,neg
161614,pos
161615,neg
161616,pos
161617,neg
161618,neg
161619,neg
161620,pos
161621,neu
161622,neg
161623,neg
161624,neu
161625,neg
161626,neg
161627,pos
161628,neu
161629,neg
161630,neg
161631,neu
161632,neu
161633,neu
161634,neg
161635,pos
161636,pos
161637,neg
161638,pos
161639,neu
161640,neg
161641,neg
161642,neg
161643,pos
161644,neu
161645,neu
161646,pos
161647,neg
161648,pos
161649,neg
161650,neu
161651,pos
161652,neg
161653,pos
161654,neg
161655,pos
161656,pos
161657,pos
161658,neu
161659,neg
161660,neg
161661,neg
161662,pos
161663,pos
161664,pos
161665,pos
161666,pos
161667,neg
161668,neg
161669,neg
161670,neu
161671,pos
161672,pos
161673,pos
161674,neg
161675,neg
161676,neg
161677,neg
161678,neu
161679,neg
161680,neg
161681,neg
161682,neg
161683,pos
161684,neg
161685,neg
161686,neg
161687,pos
161688,neg
161689,neg
161690,pos
161691,neg
161692,pos
161693,neg
161694,neg
161695,neu
161696,neg
161697,neg
161698,neg
161699,pos
161700,neg
161701,pos
161702,neg
161703,pos
161704,pos
161705,pos
161706,neg
161707,neg
161708,neu
161709,neg
161710,neg
161711,pos
161712,neg
161713,neg
161714,neg
161715,neu
161716,pos
161717,neg
161718,pos
161719,neg
161720,neg
161721,neg
161722,neg
161723,neg
161724,pos
161725,neu
161726,neg
161727,pos
161728,neu
161729,neg
161730,neg
161731,neu
161732,neu
161733,pos
161734,neu
161735,neg
161736,neg
161737,neg
161738,neg
161739,neg
161740,neg
161741,neg
161742,neg
161743,neg
161744,neg
161745,neg
161746,neu
161747,pos
161748,neu
161749,pos
161750,neg
161751,neg
161752,pos
161753,pos
161754,neu
161755,neg
161756,neg
161757,neg
161758,neg
161759,pos
161760,neg
161761,pos
161762,pos
161763,neg
161764,pos
161765,neg
161766,pos
161767,pos
161768,neg
161769,pos
161770,neg
161771,neg
161772,neg
161773,neu
161774,pos
161775,neu
161776,neu
161777,neu
161778,neg
161779,neu
161780,neg
161781,pos
161782,pos
161783,neg
161784,pos
161785,neg
161786,neg
161787,neg
161788,pos
161789,pos
161790,neu
161791,neu
161792,pos
161793,neg
161794,neg
161795,pos
161797,pos
161798,pos
161799,pos
161800,pos
161801,neg
161802,pos
161803,pos
161804,neg
161805,neg
161806,neg
161807,pos
161808,pos
161809,neg
161810,neg
161811,pos
161812,pos
161813,pos
161814,neg
161815,neu
161816,neg
161817,neg
161818,pos
161819,pos
161820,neg
161821,neg
161822,neg
161823,neg
161824,neg
161825,neu
161826,neu
161827,neg
161828,neg
161829,neu
161830,neg
161831,neg
161832,pos
161833,pos
161834,neu
161835,pos
161836,neg
161837,neg
161838,pos
161839,neg
161840,pos
161841,neg
161842,neg
161843,pos
161844,neg
161845,pos
161846,pos
161847,neg
161848,pos
161849,pos
161850,pos
161851,pos
161852,pos
161853,neg
161854,pos
161855,pos
161856,neg
161857,neg
161858,neu
161859,neu
161860,pos
161861,neg
161862,neu
161863,pos
161864,neg
161865,neu
161866,neg
161867,neu
161868,pos
161869,pos
161870,neg
161871,neg
161872,neg
161873,neg
161874,neu
161875,neg
161876,pos
161877,neu
161878,neg
161879,neu
161880,neg
161881,pos
161882,neg
161883,neg
161884,neg
161885,neu
161886,pos
161887,neg
161888,pos
161889,pos
161890,neg
161891,neu
161892,pos
161893,neg
161894,neg
161895,neg
161896,neg
161897,neg
161898,neg
161899,neg
161900,pos
161901,neu
161902,neg
161903,neg
161904,pos
161905,neg
161906,neu
161907,pos
161908,neg
161909,neg
161910,pos
161911,neg
161912,neu
161913,pos
161914,pos
161915,pos
161916,neg
161917,neg
161918,pos
161919,neu
161920,pos
161921,neg
161922,neu
161923,neu
161924,neu
161925,pos
161926,neu
161927,neg
161928,neg
161929,pos
161930,neg
161931,neu
161932,neg
161933,neg
161934,pos
161935,neg
161936,neu
161937,pos
161938,neg
161939,neu
161940,neu
161941,pos
161942,pos
161943,neu
161944,pos
161945,neg
161946,neg
161947,neg
161948,neu
161949,pos
161950,pos
161951,neu
161952,neg
161953,pos
161954,neg
161955,neg
161956,pos
161957,pos
161958,neu
161959,neg
161960,neg
161961,neg
161962,neu
161963,neu
161964,neu
161965,neg
161966,neg
161967,neg
161968,neg
161969,pos
161970,pos
161971,neu
161972,pos
161973,pos
161974,pos
161975,neg
161976,neg
161977,pos
161978,pos
161979,neg
161980,neg
161981,neg
161982,pos
161983,pos
161984,pos
161985,neg
161986,neg
161987,neg
161988,neg
161989,neu
161990,neg
161991,pos
161992,neg
161993,neu
161994,pos
161995,pos
161996,neu
161997,pos
161998,neg
161999,neg
162000,neg
162001,neu
162002,pos
162003,neu
162004,pos
162005,pos
162006,neg
162007,pos
162008,neg
162009,pos
162010,pos
162011,pos
162012,pos
162013,pos
162014,pos
162015,neg
162016,pos
162017,neg
162018,neg
162019,neu
162020,pos
162021,neg
162022,neu
162023,pos
162024,neg
162025,pos
162026,neg
162027,pos
162028,pos
162029,neg
162030,pos
162031,pos
162032,pos
162033,neg
162034,neg
162035,neg
162036,pos
162037,neu
162038,pos
162039,neg
162040,neu
162041,neg
162042,neu
162043,neg
162044,pos
162045,pos
162046,pos
162047,neu
162048,pos
162049,neg
162050,neg
162051,pos
162052,neg
162053,pos
162054,neg
162055,neg
162056,neg
162057,neu
162058,pos
162059,neg
162060,pos
162061,neg
162062,neg
162063,neu
162064,pos
162065,neg
162066,neu
162067,neg
162068,pos
162069,neg
162070,neg
162071,neu
162072,neg
162073,neu
162074,neg
162075,neu
162076,neg
162077,pos
162078,neg
162079,neg
162080,pos
162081,pos
162082,neu
162083,neg
162084,neg
162085,neu
162086,pos
162087,pos
162088,pos
162089,neu
162090,neg
162091,neg
162092,neu
162093,neg
162094,neu
162095,neg
162096,neg
162097,neg
162098,neg
162099,neg
162100,pos
162101,pos
162102,neg
162103,pos
162104,neg
162105,neg
162106,pos
162107,neu
162108,neg
162109,neu
162110,pos
162111,neg
162112,pos
162113,neg
162114,neu
162115,neg
162116,neg
162117,pos
162118,pos
162119,pos
162120,neu
162121,neu
162122,neg
162123,neg
162124,pos
162125,neg
162126,neg
162127,neg
162128,neu
162129,neg
162130,pos
162131,neu
162132,neg
162133,pos
162134,neg
162135,neg
162136,neg
162137,neg
162138,neu
162139,neu
162140,neu
162141,pos
162142,neu
162143,neg
162144,pos
162145,pos
162146,neg
162147,pos
162148,pos
162149,pos
162150,neg
162151,neu
162152,pos
162153,neu
162154,neu
162155,neg
162156,pos
162157,neu
162158,neg
162159,pos
162160,neg
162161,neu
162162,neg
162163,neg
162164,pos
162165,pos
162166,pos
162167,pos
162168,pos
162169,neu
162170,neg
162171,pos
162172,pos
162173,pos
162174,neg
162175,neg
162176,neg
162177,neg
162178,pos
162179,pos
162180,neg
162181,neu
162182,pos
162183,neg
162184,neg
162185,pos
162186,neu
162187,neu
162188,neu
162189,neu
162190,neg
162191,neu
162192,pos
162193,neu
162194,pos
162195,neg
162196,neg
162197,pos
162198,neg
162199,neg
162200,pos
162201,pos
162202,pos
162203,pos
162204,pos
162205,neu
162206,neu
162207,pos
162208,neu
162209,neg
162210,pos
162211,pos
162212,neu
162213,neg
162214,neg
162215,pos
162216,neg
162217,pos
162218,neg
162219,neg
162220,neg
162221,neg
162222,neg
162223,neu
162224,neu
162225,pos
162226,pos
162227,neu
162228,pos
162229,pos
162230,pos
162231,neg
162232,neu
162233,pos
162234,neg
162235,neg
162236,neg
162237,neg
162238,neg
162239,pos
162240,neg
162241,neu
162242,neu
162243,neu
162244,neg
162245,neu
162246,neu
162247,neg
162248,neg
162249,neg
162250,neg
162251,neg
162252,pos
162253,neu
162254,neg
162255,pos
162256,pos
162257,neg
162258,neg
162259,pos
162260,neu
162261,pos
162262,neg
162263,pos
162264,pos
162265,neg
162266,neu
162267,neg
162268,pos
162269,neu
162270,pos
162271,neg
162272,pos
162273,neg
162274,neg
162275,pos
162276,neg
162277,neg
162278,neg
162279,neg
162280,neg
162281,pos
162282,pos
162283,neg
162284,neg
162285,neg
162286,pos
162287,neu
162288,neu
162289,pos
162290,neg
162291,pos
162292,neg
162293,neu
162294,neg
162295,pos
162296,neu
162297,pos
162298,pos
162299,neg
162300,neg
162301,neu
162302,neg
162303,neg
162304,neg
162305,neg
162306,neu
162307,neg
162308,pos
162309,pos
162310,neu
162311,neg
162312,neg
162313,neg
162314,neg
162315,neg
162316,neg
162317,neg
162318,neg
162319,neg
162320,pos
162321,pos
162322,pos
162323,pos
162324,neu
162325,neg
162326,neg
162327,pos
162328,neu
162329,neg
162330,neg
162331,pos
162332,pos
162333,neu
162334,neg
162335,neg
162336,neg
162337,pos
162338,neu
162339,neg
162340,neg
162341,neu
162342,neg
162343,pos
162344,pos
162345,neu
162346,neg
162347,pos
162348,pos
162349,pos
162350,neu
162351,pos
162352,neg
162353,neu
162354,pos
162355,neu
162356,neg
162357,neu
162358,pos
162359,neu
162360,neu
162361,pos
162362,pos
162363,pos
162364,neg
162365,neg
162366,neu
162367,neg
162368,neu
162369,pos
162370,neg
162371,pos
162372,pos
162373,neg
162375,pos
162376,neu
162377,pos
162378,pos
162379,pos
162380,neu
162381,neg
162382,neu
162383,neu
162384,neu
162385,neg
162386,neg
162387,neg
162388,pos
162389,neu
162390,pos
162391,neg
162392,pos
162393,neg
162394,pos
162395,neg
162396,pos
162397,neg
162398,neu
162399,pos
162400,pos
162401,neg
162402,neg
162403,pos
162404,neg
162405,neg
162406,pos
162407,neg
162408,neg
162409,neg
162410,pos
162411,neu
162412,neg
162413,neu
162414,neg
162415,neg
162416,pos
162417,neg
162418,neu
162419,neg
162420,pos
162421,neg
162422,neu
162423,pos
162424,pos
162425,neu
162426,neu
162427,neg
162428,neg
162429,neg
162430,pos
162431,pos
162432,neg
162433,neu
162434,neu
162435,neu
162436,pos
162437,neg
162438,neu
162439,neg
162440,neg
162441,neg
162442,pos
162443,neg
162444,neu
162445,pos
162446,pos
162447,pos
162448,neu
162449,neu
162450,neg
162451,pos
162452,neg
162453,pos
162454,neg
162455,pos
162456,neu
162457,pos
162458,neg
162459,neg
162460,neg
162461,neg
162462,pos
162463,pos
162464,pos
162465,pos
162466,neg
162467,neg
162468,neg
162469,pos
162470,pos
162471,pos
162472,neg
162473,neg
162474,pos
162475,neu
162476,pos
162477,neu
162478,neg
162479,pos
162480,neg
162481,neg
162482,neu
162483,neg
162484,neg
162485,neg
162486,neg
162487,pos
162488,neg
162489,neg
162490,pos
162491,neu
162492,pos
162493,neu
162494,neg
162495,pos
162496,neg
162497,neg
162498,neu
162499,pos
162500,pos
162501,neg
162502,neg
162503,pos
162504,neu
162505,neg
162506,neg
162507,pos
162508,neg
162509,pos
162510,pos
162511,pos
162512,neg
162513,neu
162514,pos
162515,neg
162516,pos
162517,pos
162518,neg
162519,pos
162520,pos
162521,neu
162522,neg
162523,neg
162524,neg
162525,neg
162526,neg
162527,pos
162528,pos
162529,pos
162530,neg
162531,pos
162532,neu
162533,neu
162534,neg
162535,neu
162536,neg
162537,neg
162538,neg
162539,neg
162540,neu
162541,neu
162542,pos
162543,pos
162544,pos
162545,neu
162546,neu
162547,neu
162548,pos
162549,neg
162550,neu
162551,neu
162552,neg
162553,neg
162554,neg
162555,neg
162556,neg
162557,neg
162558,neu
162559,neg
162560,neg
162561,neg
162562,neg
162563,neg
162564,pos
162565,neg
162566,neu
162567,neu
162568,pos
162569,neu
162570,neg
162571,neu
162572,neu
162573,neg
162574,neg
162575,neg
162576,pos
162577,neg
162578,neu
162579,pos
162580,neg
162581,pos
162582,neg
162583,neu
162584,neg
162585,pos
162586,neg
162587,neg
162588,neg
162589,neg
162590,pos
162591,pos
162592,neg
162593,neg
162594,neg
162595,neg
162596,neg
162597,neg
162598,neg
162599,neg
162600,neg
162601,pos
162602,pos
162603,pos
162604,neu
162605,neg
162606,neu
162607,neg
162608,neu
162609,neg
162610,pos
162611,neu
162612,neg
162613,neg
162614,pos
162615,pos
162616,pos
162618,neu
162619,neg
162620,neg
162621,neg
162622,neg
162623,pos
162624,neg
162625,neg
162626,pos
162627,neg
162628,neg
162629,neg
162630,neg
162631,pos
162632,pos
162633,neu
162634,neu
162635,neg
162636,neg
162637,neg
162638,pos
162639,pos
162640,pos
162641,neg
162642,pos
162643,pos
162644,neu
162645,neu
162646,neg
162647,pos
162648,pos
162649,neg
162650,pos
162651,pos
162652,pos
162653,neg
162654,neg
162655,neg
162656,neg
162657,neg
162658,neu
162659,neg
162660,pos
162661,pos
162662,neg
162663,neu
162664,pos
162665,pos
162666,neg
162667,neg
162668,pos
162669,neg
162670,neg
162671,pos
162672,neu
162673,neu
162674,neu
162675,neg
162676,pos
162677,neg
162678,neu
162679,neu
162680,neg
162681,neg
162682,pos
162683,neg
162684,neg
162685,neg
162686,neg
162687,pos
162688,pos
162689,neg
162690,neu
162691,neg
162692,pos
162693,pos
162694,pos
162695,pos
162696,pos
162697,pos
162698,pos
162699,pos
162700,neg
162701,pos
162702,neg
162703,neg
162704,pos
162705,neg
162706,neg
162707,pos
162708,neg
162709,neg
162710,pos
162711,pos
162712,neu
162713,neg
162714,pos
162715,neg
162716,pos
162717,pos
162718,neg
162719,neg
162720,neg
162721,pos
162722,neg
162723,neu
162724,neg
162725,neg
162726,pos
162727,neu
162728,neg
162729,pos
162730,neg
162731,pos
162732,neu
162733,neg
162734,neg
162735,neu
162736,neg
162737,pos
162738,pos
162739,neg
162740,neu
162741,neg
162742,neg
162743,neg
162744,neu
162745,neu
162746,neu
162747,neg
162748,pos
162749,pos
162750,pos
162751,neu
162753,neg
162754,neg
162755,pos
162756,neu
162757,neg
162758,neu
162759,neg
162760,neu
162761,pos
162762,neg
162763,neg
162764,pos
162765,pos
162766,pos
162767,neg
162768,neu
162769,neu
162770,pos
162771,neg
162772,neu
162773,neg
162774,neg
162775,neg
162776,neg
162777,pos
162778,neu
162779,neg
162780,pos
162781,neu
162782,neg
162783,neg
162784,neg
162785,neg
162786,neg
162787,neu
162788,neu
162789,neu
162790,neg
162791,neu
162792,neu
162793,neg
162794,neg
162795,neg
162796,neg
162797,neg
162798,pos
162799,pos
162800,neg
162801,neg
162802,neg
162803,pos
162804,neu
162805,neg
162806,pos
162807,neu
162808,pos
162809,pos
162810,pos
162811,neu
162812,pos
162813,pos
162814,neg
162815,neg
162816,neg
162817,pos
162818,neg
162819,neu
162820,neg
162821,neg
162822,neg
162823,pos
162824,neu
162825,pos
162826,neg
162827,neu
162828,pos
162829,neg
162830,neg
162831,pos
162832,neu
162833,pos
162834,neg
162835,neg
162836,neg
162837,neu
162838,pos
162839,neg
162840,pos
162841,neg
162842,neu
162843,neg
162844,pos
162845,neu
162846,neg
162847,pos
162848,pos
162849,neu
162850,neg
162851,neg
162852,neg
162853,neg
162854,neu
162855,neu
162856,neg
162857,neg
162858,neg
162859,neg
162860,neu
162861,pos
162862,neg
162863,neg
162864,neu
162865,neg
162866,neg
162867,neu
162868,neg
162869,neg
162870,pos
162871,neg
162872,neu
162873,neu
162874,pos
162875,neg
162876,pos
162877,neg
162878,neg
162879,neg
162880,pos
162881,neg
162882,neg
162883,neg
162884,pos
162885,pos
162886,pos
162887,neu
162888,neg
162889,neg
162890,neg
162891,neg
162892,neg
162893,neu
162894,neg
162895,neu
162896,pos
162897,pos
162898,neu
162899,neu
162900,pos
162901,pos
162902,neg
162903,neg
162904,pos
162905,neu
162906,neu
162907,neu
162908,neg
162909,neg
162910,neg
162911,neu
162912,neg
162913,neg
162914,pos
162915,neg
162916,neu
162917,neu
162918,neg
162919,neg
162920,neg
162921,neu
162922,neu
162923,pos
162924,pos
162925,pos
162926,neg
162927,neu
162928,neg
162929,neg
162930,neu
162931,neg
162932,pos
162933,neg
162934,pos
162935,pos
162936,neg
162937,pos
162938,pos
162939,neg
162940,pos
162941,neg
162942,neg
162943,pos
162944,neg
162945,neu
162946,pos
162947,neu
162948,pos
162949,pos
162950,neu
162951,neg
162952,pos
162953,pos
162954,pos
162955,neg
162956,neu
162957,neg
162958,pos
162959,neg
162960,neu
162961,neg
162962,neg
162963,neg
162964,neg
162965,neg
162966,neg
162967,neg
162968,neg
162969,neg
162970,neg
162971,neu
162972,neg
162973,neg
162974,pos
162975,neg
162976,neg
162977,pos
162978,neg
162979,pos
162980,pos
162981,neg
162982,neg
162983,neg
162984,pos
162985,neg
162986,pos
162987,pos
162988,pos
162989,neg
162990,neg
162991,neg
162992,pos
162993,neg
162994,neg
162995,neg
162996,neg
162997,neu
162998,pos
162999,pos
163000,neg
163001,pos
163002,pos
163003,neu
163004,pos
163005,neu
163006,neu
163007,pos
163008,neg
163009,pos
163010,neg
163011,neg
163012,neu
163013,neu
163014,neg
163015,neg
163016,neg
163017,pos
163018,neg
163019,neu
163020,pos
163021,pos
163022,neg
163023,pos
163024,neg
163025,neg
163026,neg
163027,neu
163028,pos
163029,neg
163030,neg
163031,pos
163032,pos
163033,neg
163034,pos
163036,pos
163037,neg
163038,neg
163039,neu
163040,neg
163041,neu
163042,pos
163043,pos
163044,neg
163045,pos
163046,pos
163047,neu
163048,pos
163049,neu
163050,pos
163051,neg
163052,neg
163053,pos
163054,neg
163055,neg
163056,neu
163057,neg
163058,neg
163059,pos
163060,pos
163061,neg
163062,neu
163063,pos
163064,neg
163065,pos
163066,pos
163067,neg
163068,neu
163069,pos
163070,pos
163071,neg
163072,neg
163073,neu
163074,pos
163075,pos
163076,neg
163077,neu
163078,neg
163079,neu
163080,pos
163081,neu
163082,neu
163083,neg
163084,neg
163085,pos
163086,neu
163087,pos
163088,neu
163089,neu
163090,neg
163091,neu
163092,pos
163093,neu
163094,neg
163095,neg
163096,pos
163097,pos
163098,pos
163099,pos
163100,neg
163101,pos
163102,pos
163103,neg
163104,neg
163105,neu
163106,neg
163107,pos
163108,pos
163109,neg
163110,neu
163111,neg
163112,pos
163113,neg
163114,pos
163115,pos
163116,neg
163117,neg
163118,neg
163119,neg
163120,neg
163121,neg
163122,neg
163123,pos
163124,neg
163125,neg
163126,pos
163127,neg
163128,pos
163129,pos
163130,neg
163131,neg
163132,neu
163133,neg
163134,neg
163135,neu
163136,pos
163137,neu
163138,pos
163139,neg
163140,pos
163141,pos
163142,neg
163143,neu
163144,pos
163145,pos
163146,neg
163147,pos
163148,neg
163149,pos
163150,pos
163151,neg
163152,neg
163153,pos
163154,pos
163155,neu
163156,neg
163157,neg
163158,neu
163159,neg
163160,neg
163161,pos
163162,pos
163163,neg
163164,neg
163165,neu
163166,pos
163167,pos
163168,neu
163169,pos
163170,pos
163171,neu
163172,pos
163173,neu
163174,pos
163175,pos
163176,neu
163177,neg
163178,neg
163179,neu
163180,pos
163181,neu
163182,neg
163183,pos
163184,neg
163185,pos
163186,pos
163187,pos
163188,pos
163189,pos
163190,neg
163191,neu
163192,neu
163193,neg
163194,neu
163195,pos
163196,pos
163197,neg
163198,neg
163199,neu
163200,neg
163201,neg
163202,pos
163203,neg
163204,pos
163205,pos
163206,neu
163207,neg
163208,neu
163209,neu
163210,neg
163211,neg
163212,neg
163213,neu
163214,neg
163215,neu
163216,neg
163217,neg
163218,neu
163219,neg
163220,neu
163221,pos
163222,neg
163223,neg
163224,neg
163225,neg
163226,neg
163227,neu
163228,pos
163229,pos
163230,neg
163231,neg
163232,neu
163233,neg
163234,pos
163235,neg
163236,neu
163237,neu
163238,neu
163239,neg
163240,neg
163241,pos
163242,neg
163243,neg
163244,neg
163245,neu
163246,pos
163247,pos
163248,neg
163249,neg
163250,neu
163251,neg
163252,neg
163253,neg
163254,pos
163255,neg
163256,pos
163257,neg
163258,neg
163259,neg
163260,pos
163261,neg
163262,neg
163263,neg
163264,neg
163265,pos
163266,neg
163267,pos
163268,neg
163269,neg
163270,neg
163271,neg
163272,neu
163273,neg
163274,neg
163275,neu
163276,pos
163277,neg
163278,pos
163279,neg
163280,pos
163281,neg
163282,neu
163283,neg
163284,neg
163285,neg
163286,pos
163287,neu
163288,pos
163289,neg
163290,neu
163291,neu
163292,neg
163293,neg
163294,neu
163295,neu
163296,neg
163297,neg
163298,neg
163299,neg
163300,neu
163301,neg
163302,neg
163303,neu
163304,neu
163305,pos
163306,pos
163307,neg
163308,neu
163309,pos
163310,neg
163311,neg
163312,neg
163313,neg
163314,pos
163315,neg
163316,neg
163317,neg
163318,neg
163320,pos
163321,neg
163322,pos
163323,neg
163324,pos
163325,pos
163326,neu
163327,neg
163328,neu
163329,pos
163330,pos
163331,neg
163332,pos
163333,neg
163334,neu
163335,neu
163336,neg
163337,neu
163338,pos
163339,neg
163340,pos
163341,neg
163342,pos
163343,neg
163344,neg
163345,neg
163346,pos
163347,neg
163348,neg
163349,neu
163350,pos
163351,neg
163352,pos
163353,neg
163354,neu
163355,neg
163356,neg
163357,neg
163358,neg
163359,neg
163360,pos
163361,neg
163362,pos
163363,neu
163364,neg
163365,pos
163366,pos
163367,pos
163368,pos
163369,neg
163370,pos
163371,neg
163372,neg
163373,neu
163374,pos
163375,neg
163376,pos
163377,neg
163378,neg
163379,pos
163380,neu
163381,neg
163382,neg
163383,neu
163384,neg
163385,neg
163386,neg
163387,pos
163388,neg
163389,neg
163390,neg
163391,neu
163392,neu
163393,neu
163394,pos
163395,neu
163396,neg
163397,pos
163398,neu
163399,neg
163400,neg
163401,neg
163402,neg
163403,pos
163404,neg
163405,neu
163406,neu
163407,neg
163408,neg
163409,neg
163410,neu
163411,neu
163412,pos
163413,neg
163414,pos
163415,pos
163416,neg
163417,neg
163418,neu
163419,pos
163420,neu
163421,neu
163422,neg
163423,pos
163424,neg
163425,pos
163426,neg
163427,pos
163428,pos
163429,neg
163430,neu
163431,neg
163432,neg
163433,neg
163434,pos
163435,neu
163436,neg
163437,pos
163438,neg
163439,neg
163440,neu
163441,neu
163442,neg
163443,pos
163444,neu
163445,neg
163446,neg
163447,pos
163448,pos
163449,neg
163450,pos
163451,pos
163452,neg
163453,neg
163454,neu
163455,neg
163456,neg
163457,neg
163458,neg
163459,neg
163460,pos
163461,neu
163462,neg
163463,pos
163464,neg
163465,pos
163466,neg
163467,pos
163468,neu
163469,neg
163470,neu
163471,neu
163472,neg
163473,neu
163474,neg
163475,neu
163476,pos
163477,neg
163478,neg
163479,neg
163480,neg
163481,neg
163482,pos
163483,pos
163484,neu
163485,neu
163486,pos
163487,neg
163488,neg
163489,neu
163490,neg
163491,neg
163492,pos
163493,neg
163494,neg
163495,neg
163496,pos
163497,pos
163498,neg
163499,pos
163500,neg
163501,neg
163502,neg
163503,neu
163504,neg
163505,pos
163506,neg
163507,neg
163508,pos
163509,pos
163510,neu
163511,neu
163512,neg
163513,neu
163514,neu
163515,neg
163516,neg
163517,neg
163518,pos
163519,pos
163520,pos
163521,neg
163522,pos
163523,neg
163524,neu
163525,pos
163526,pos
163527,neu
163528,neg
163529,pos
163530,neg
163531,neu
163532,neg
163533,neu
163534,neg
163535,neg
163536,neg
163537,neu
163538,pos
163539,neg
163540,neu
163541,neg
163542,neu
163543,neu
163544,neg
163545,pos
163546,neg
163547,pos
163548,pos
163549,pos
163550,pos
163551,pos
163552,neg
163553,pos
163554,neg
163555,neu
163556,neg
163557,neu
163558,pos
163559,neu
163560,pos
163561,neu
163562,neg
163563,neg
163564,neg
163565,pos
163566,pos
163567,pos
163568,pos
163569,neg
163570,neu
163571,neg
163572,neg
163573,neu
163574,pos
163575,neg
163576,pos
163577,neu
163578,pos
163579,neg
163580,pos
163582,neg
163583,neg
163584,neu
163585,neg
163586,neg
163587,neu
163588,neg
163589,neg
163590,neu
163591,pos
163592,neg
163593,neu
163594,neu
163595,pos
163596,pos
163597,neu
163598,neg
163599,pos
163600,neu
163601,neu
163602,neg
163603,neg
163604,neu
163605,neg
163606,pos
163607,neg
163608,pos
163609,pos
163610,neg
163611,neg
163612,neg
163613,neg
163614,pos
163615,neg
163616,pos
163617,neg
163618,neg
163619,pos
163620,neg
163621,neg
163622,pos
163623,pos
163624,pos
163625,pos
163626,neg
163627,neg
163628,pos
163629,neg
163630,pos
163631,neg
163632,neg
163633,neu
163634,neu
163635,neu
163636,neg
163637,neg
163638,neg
163639,neu
163640,neu
163641,neg
163642,neg
163643,neg
163644,pos
163645,neg
163646,neu
163647,neg
163648,neg
163649,neu
163650,pos
163651,neg
163652,neg
163653,neg
163654,neu
163655,neg
163656,neg
163657,neu
163658,neg
163659,neg
163660,neg
163661,neg
163662,neg
163663,neg
163664,neu
163665,pos
163666,neg
163667,neg
163668,neg
163669,neg
163670,neg
163671,pos
163672,pos
163673,neu
163674,pos
163675,neg
163676,neg
163677,pos
163678,neu
163679,neg
163680,pos
163681,neg
163682,pos
163683,neg
163684,neg
163685,neg
163686,neg
163687,neg
163688,neu
163689,neu
163690,neg
163691,neg
163692,pos
163693,neu
163694,neu
163695,pos
163696,pos
163697,neg
163698,neg
163699,neg
163700,neg
163701,pos
163702,pos
163703,neg
163704,neu
163705,neg
163706,neg
163707,pos
163708,pos
163709,pos
163710,neg
163712,pos
163713,neu
163714,neg
163715,neg
163716,pos
163717,neg
163718,neg
163719,neg
163720,pos
163721,pos
163722,neg
163723,neu
163724,pos
163725,neg
163726,neg
163727,neg
163728,neg
163729,neg
163730,neg
163731,pos
163732,neu
163733,neg
163734,neg
163735,neg
163736,neg
163737,pos
163738,neg
163739,pos
163740,pos
163741,pos
163742,pos
163743,pos
163744,neu
163745,neg
163746,neg
163747,neg
163748,neg
163749,neu
163750,pos
163751,pos
163752,pos
163753,neg
163754,neg
163755,neg
163756,pos
163757,neu
163758,neg
163759,pos
163760,neu
163761,pos
163762,neg
163763,neg
163764,neg
163765,neg
163766,neu
163767,neg
163768,neg
163769,pos
163770,pos
163771,neg
163772,pos
163773,pos
163774,pos
163775,neu
163776,neu
163777,neg
163778,neu
163779,pos
163780,neg
163781,neu
163782,neu
163783,pos
163784,neu
163785,neg
163786,neg
163787,neg
163788,pos
163789,neu
163790,pos
163791,neg
163792,neg
163793,neu
163794,neu
163795,pos
163796,neu
163797,pos
163798,neu
163799,neg
163800,neu
163801,pos
163802,neg
163803,pos
163804,pos
163805,pos
163806,neu
163807,neg
163808,pos
163809,pos
163810,neu
163811,pos
163812,neg
163813,neu
163814,neg
163815,pos
163816,neu
163817,neg
163818,neu
163819,pos
163820,neu
163821,neg
163822,pos
163823,pos
163824,neg
163825,pos
163826,neu
163827,pos
163828,pos
163829,neu
163830,neg
163831,neg
163832,pos
163833,pos
163834,neg
163835,neg
163836,pos
163837,pos
163838,pos
163839,pos
163840,neg
163841,neu
163842,neg
163843,neg
163844,neu
163845,neg
163846,pos
163847,pos
163848,neg
163849,neg
163850,pos
163851,pos
163852,neg
163853,neg
163854,neu
163855,neg
163856,neg
163857,pos
163858,neu
163859,neg
163860,neg
163861,pos
163862,neu
163863,neu
163864,neu
163865,pos
163866,neg
163867,pos
163868,neg
163869,pos
163870,neg
163871,neu
163872,neg
163873,pos
163874,neg
163875,pos
163876,pos
163877,pos
163878,neg
163879,neu
163880,neu
163881,neu
163882,neg
163883,neu
163884,pos
163885,neg
163886,pos
163887,neg
163888,neg
163889,pos
163890,neg
163891,neg
163892,neg
163893,pos
163894,neg
163895,pos
163896,pos
163897,neg
163898,pos
163899,neg
163900,neg
163901,neu
163902,neg
163903,neu
163904,pos
163905,neg
163906,pos
163907,neg
163908,neg
163909,neg
163910,neg
163911,neg
163912,neu
163913,neu
163914,neg
163915,neg
163916,neg
163917,neg
163918,neg
163919,pos
163920,neg
163921,neg
163922,pos
163923,neu
163924,pos
163925,neg
163926,pos
163927,pos
163928,neg
163929,neg
163930,neg
163931,neg
163932,pos
163933,neg
163934,neg
163935,neu
163936,pos
163937,neu
163938,neu
163939,neg
163940,neu
163941,neg
163942,neu
163943,pos
163944,pos
163945,neg
163947,pos
163948,neu
163949,neu
163950,pos
163951,pos
163952,neu
163953,neg
163954,neu
163955,neg
163956,pos
163957,neg
163958,neu
163959,neg
163960,neg
163961,pos
163962,pos
163963,neu
163964,neg
163965,neg
163966,pos
163967,neg
163968,pos
163969,neg
163970,pos
163971,pos
163972,neg
163973,neg
163974,pos
163975,neg
163976,neu
163977,neg
163978,neg
163979,pos
163980,pos
163981,neg
163982,neu
163983,pos
163984,pos
163985,neg
163986,neg
163987,pos
163988,neg
163989,pos
163990,pos
163991,neg
163992,pos
163993,pos
163994,neg
163995,neg
163996,pos
163997,pos
163998,neg
163999,neu
164000,neu
164001,pos
164002,pos
164003,pos
164004,pos
164005,neu
164006,neu
164007,neg
164008,neu
164009,neg
164010,neg
164012,neg
164013,neu
164014,neg
164015,neg
164016,neg
164017,neg
164018,neg
164019,neg
164020,neg
164021,pos
164022,neu
164023,neu
164024,neg
164025,pos
164026,neu
164027,neg
164028,neg
164029,neu
164030,pos
164031,neg
164032,pos
164033,neg
164034,neu
164035,neu
164036,neg
164037,pos
164038,neg
164039,neg
164040,pos
164041,neu
164042,neg
164043,neg
164044,neg
164045,pos
164046,neu
164047,neg
164048,pos
164049,neg
164050,pos
164051,pos
164052,neu
164053,pos
164054,pos
164055,neu
164056,neg
164057,pos
164058,neu
164059,neg
164060,pos
164061,pos
164062,neu
164063,pos
164064,neg
164065,neu
164066,neg
164067,neg
164068,pos
164069,pos
164070,pos
164071,neg
164072,neu
164073,neg
164074,pos
164075,neu
164076,neg
164077,neg
164078,pos
164079,neg
164080,neg
164081,neg
164082,neg
164083,neu
164084,neg
164085,pos
164086,neg
164087,neg
164088,neg
164089,neu
164090,neg
164091,neu
164092,neg
164093,pos
164094,neg
164095,neg
164096,pos
164097,neg
164098,pos
164099,neg
164100,neg
164101,pos
164102,neg
164103,pos
164104,pos
164105,neg
164106,pos
164107,neu
164108,neg
164109,pos
164110,pos
164111,neu
164112,neu
164113,pos
164114,pos
164115,neg
164116,neg
164117,neu
164118,pos
164119,neg
164120,neg
164121,pos
164122,pos
164123,neg
164124,pos
164125,neg
164126,neg
164127,neg
164128,neg
164129,neu
164130,pos
164131,neg
164132,neg
164133,neg
164134,pos
164135,neg
164136,neg
164137,neg
164138,pos
164139,pos
164140,neg
164141,pos
164142,pos
164143,neu
164144,pos
164145,neg
164146,neg
164147,neg
164148,pos
164149,neg
164150,neg
164151,neg
164152,pos
164153,neg
164154,pos
164155,neu
164156,pos
164157,pos
164158,pos
164159,pos
164160,neg
164161,neg
164162,neg
164163,pos
164164,pos
164165,pos
164166,pos
164167,pos
164168,neu
164169,neg
164170,pos
164171,neg
164172,neu
164173,neg
164174,pos
164175,neu
164176,neg
164177,neg
164178,pos
164179,neu
164180,neg
164181,neu
164182,neg
164183,neu
164184,neg
164185,pos
164186,neg
164187,neu
164188,neg
164189,neg
164190,pos
164191,pos
164192,pos
164193,pos
164194,pos
164195,neu
164196,pos
164197,neg
164198,neg
164199,neu
164200,neg
164201,neu
164202,neu
164203,neg
164204,neu
164205,neg
164206,neg
164207,neg
164208,neg
164209,pos
164210,neu
164211,neg
164212,pos
164213,neu
164214,pos
164215,neg
164216,neg
164217,neu
164218,neg
164219,pos
164220,pos
164221,pos
164222,neu
164223,neg
164224,neg
164225,neg
164226,pos
164227,pos
164228,neu
164229,neu
164230,neg
164231,pos
164232,pos
164233,neg
164235,neg
164236,pos
164237,pos
164238,neg
164239,neg
164240,neg
164241,pos
164242,neu
164243,neg
164244,pos
164245,neg
164246,pos
164247,pos
164248,neg
164249,neu
164250,pos
164251,pos
164252,neu
164253,pos
164254,neu
164255,neg
164256,neg
164257,neu
164258,neu
164259,neg
164260,neg
164261,neu
164262,neu
164263,neg
164264,neg
164265,neg
164266,neu
164267,neu
164268,neu
164269,pos
164270,neu
164271,neu
164272,pos
164273,pos
164274,pos
164275,pos
164277,pos
164278,neg
164279,neg
164280,neg
164281,neg
164282,pos
164283,pos
164284,pos
164285,pos
164286,neu
164287,pos
164288,pos
164289,pos
164290,neg
164291,neu
164292,neg
164293,neg
164294,neg
164295,neu
164296,pos
164297,neg
164298,pos
164299,neg
164300,pos
164301,pos
164302,neg
164303,pos
164304,neu
164305,neu
164306,neg
164307,pos
164308,pos
164309,neg
164310,neg
164311,pos
164312,neg
164313,pos
164314,neg
164315,neu
164316,neu
164317,neu
164318,neg
164319,pos
164320,neg
164321,pos
164322,neg
164323,pos
164324,neg
164325,pos
164326,neg
164327,neg
164328,pos
164329,neg
164330,neg
164331,pos
164332,pos
164333,neg
164334,pos
164335,neg
164336,pos
164337,neg
164338,neu
164339,pos
164340,pos
164341,neu
164342,pos
164343,pos
164344,pos
164345,pos
164346,pos
164347,pos
164348,neg
164349,neg
164350,neg
164351,neu
164352,neg
164353,neu
164354,neg
164355,neg
164356,neu
164357,neg
164358,neg
164359,neg
164360,neg
164361,neg
164362,neu
164363,pos
164364,pos
164365,pos
164366,neg
164367,pos
164368,neu
164369,pos
164370,pos
164371,pos
164372,pos
164373,pos
164374,neu
164375,neg
164376,neu
164377,neg
164378,neg
164379,neu
164380,neg
164381,pos
164382,neu
164383,neg
164384,neg
164385,pos
164386,pos
164387,neu
164388,pos
164389,neg
164390,neu
164391,neg
164392,neg
164393,neu
164394,pos
164395,neg
164396,neu
164397,pos
164398,neg
164399,neu
164400,neg
164401,neg
164402,pos
164403,neg
164404,neg
164405,neg
164406,neu
164407,neg
164408,neu
164409,pos
164410,neu
164411,pos
164412,pos
164413,neu
164414,neg
164415,neg
164416,pos
164417,neu
164418,neg
164419,neu
164420,neg
164421,pos
164422,neg
164423,pos
164424,neg
164425,pos
164426,neg
164427,neu
164428,pos
164429,pos
164430,neg
164431,pos
164432,neg
164433,neg
164434,neg
164435,neg
164436,neg
164437,pos
164438,pos
164439,neg
164440,neg
164441,pos
164442,pos
164443,neg
164444,neu
164445,neu
164446,pos
164447,pos
164448,neg
164449,neg
164450,neg
164451,neg
164452,pos
164453,neu
164454,pos
164455,pos
164456,neu
164457,neg
164458,neg
164459,neu
164460,pos
164461,pos
164462,pos
164463,neu
164464,neu
164465,neu
164466,neg
164467,neu
164468,neg
164469,neg
164470,pos
164471,neg
164472,pos
164473,neg
164474,neg
164475,pos
164476,neg
164477,neg
164478,pos
164479,neu
164480,neg
164481,pos
164482,neg
164483,neg
164484,neg
164485,neg
164486,neg
164487,neu
164488,neg
164489,pos
164490,pos
164491,pos
164492,neu
164493,neu
164494,neg
164495,neu
164496,neg
164497,neu
164498,neg
164499,neg
164500,neg
164501,pos
164502,pos
164503,neu
164504,neu
164505,pos
164506,pos
164507,neg
164508,neg
164509,neg
164510,neg
164511,neg
164512,neg
164513,neg
164514,pos
164515,pos
164516,neg
164517,neu
164518,neg
164519,pos
164520,neu
164521,pos
164522,neu
164523,neu
164524,neg
164525,pos
164526,neu
164527,neg
164528,pos
164529,neg
164531,neu
164532,neg
164533,pos
164534,neg
164535,pos
164536,neg
164537,pos
164538,neg
164539,neg
164540,neg
164541,neu
164542,neu
164543,neg
164544,pos
164545,pos
164546,neg
164547,pos
164548,pos
164549,pos
164550,neg
164551,pos
164552,neg
164553,pos
164554,pos
164555,neu
164556,neu
164557,pos
164558,neg
164559,neu
164560,neg
164561,pos
164562,pos
164563,neu
164564,neg
164565,neu
164566,neg
164567,neu
164568,neg
164569,pos
164570,neg
164571,neg
164572,neu
164573,neg
164574,neu
164575,neg
164576,neg
164577,neu
164578,neu
164579,neu
164580,neg
164581,pos
164582,neg
164583,pos
164584,pos
164585,pos
164586,neg
164587,pos
164588,neu
164589,neg
164590,pos
164591,neu
164592,neg
164593,pos
164594,neu
164595,neg
164596,pos
164597,neg
164598,neg
164599,neu
164600,neg
164601,pos
164602,neu
164603,neg
164604,pos
164605,neu
164606,pos
164608,pos
164609,neg
164610,neg
164611,neg
164612,neg
164613,neg
164614,pos
164615,pos
164616,pos
164617,neg
164618,pos
164619,neu
164620,neg
164621,neg
164622,pos
164623,neg
164624,pos
164625,neg
164626,neg
164627,pos
164628,neg
164629,neg
164630,neu
164631,pos
164632,neg
164633,neg
164634,neg
164635,neu
164636,neu
164637,neu
164638,pos
164639,neu
164640,pos
164641,neg
164642,pos
164643,neu
164644,neg
164645,pos
164646,neg
164647,neu
164648,neg
164649,pos
164650,neg
164651,neg
164652,neg
164653,neu
164654,neg
164655,neg
164656,pos
164657,neg
164658,pos
164659,neu
164660,neg
164661,pos
164662,neg
164663,pos
164664,neg
164665,neu
164666,neg
164667,neg
164668,neu
164669,neg
164670,pos
164671,neu
164672,neg
164673,neu
164674,pos
164675,pos
164676,neu
164677,pos
164678,neg
164679,neg
164680,neg
164681,pos
164682,neg
164683,neg
164684,neg
164685,pos
164686,pos
164687,pos
164688,neu
164689,pos
164690,neg
164691,neg
164692,pos
164693,neu
164694,neg
164695,neg
164696,neg
164697,neg
164699,neg
164700,neg
164701,pos
164702,neg
164703,neg
164704,neg
164705,pos
164706,pos
164707,neg
164708,neu
164709,pos
164710,neg
164711,neu
164712,pos
164713,pos
164714,neu
164715,neg
164716,pos
164717,pos
164718,pos
164719,pos
164720,neg
164721,neu
164722,neg
164723,neu
164724,neg
164725,neg
164726,neg
164727,neg
164728,neg
164729,pos
164730,neu
164731,neu
164732,neu
164733,neg
164734,pos
164735,pos
164736,neu
164737,pos
164738,neg
164739,neg
164740,neu
164741,neg
164742,neu
164743,neu
164744,neu
164745,neu
164746,pos
164747,neg
164748,neg
164749,neu
164750,neg
164751,pos
164752,neu
164753,pos
164754,pos
164755,pos
164756,neg
164757,pos
164758,neg
164759,neu
164760,neg
164761,pos
164762,pos
164763,neg
164764,pos
164765,pos
164766,pos
164767,neg
164768,neg
164769,pos
164770,neg
164771,pos
164772,pos
164773,neg
164774,pos
164775,pos
164776,pos
164777,neu
164778,neg
164779,neg
164780,neg
164781,pos
164782,neg
164783,neg
164784,neu
164785,neg
164786,neg
164787,neg
164788,pos
164789,pos
164790,pos
164792,pos
164793,neg
164794,neg
164795,pos
164796,pos
164797,neg
164798,neg
164799,neg
164800,neg
164801,neu
164802,neg
164803,neu
164804,neg
164805,pos
164806,neg
164807,neg
164808,pos
164809,neg
164810,neg
164811,pos
164812,neu
164813,neg
164814,neg
164815,neg
164816,neg
164817,neg
164818,neg
164819,neg
164820,neg
164821,neu
164822,neg
164823,pos
164824,pos
164825,neg
164826,pos
164827,neg
164828,neg
164829,neg
164830,pos
164831,neg
164832,neu
164833,pos
164834,neg
164835,neu
164836,neg
164837,neu
164838,pos
164839,neg
164840,neg
164841,pos
164842,pos
164843,neu
164844,neu
164845,neu
164846,neg
164847,pos
164848,pos
164849,neu
164850,pos
164851,pos
164852,neu
164853,neu
164854,neg
164855,pos
164856,neg
164857,neg
164858,pos
164859,pos
164860,neg
164861,neg
164862,neg
164863,pos
164864,neg
164865,neu
164866,neg
164867,neg
164868,pos
164869,pos
164870,neg
164871,neu
164872,neg
164873,neu
164874,neg
164875,pos
164876,neg
164877,pos
164878,neg
164879,pos
164880,pos
164881,neg
164882,pos
164883,neu
164884,pos
164885,pos
164886,neg
164887,neu
164888,neg
164889,neu
164890,neg
164891,neg
164892,pos
164893,pos
164894,pos
164895,neg
164896,neu
164897,neu
164898,neg
164899,pos
164900,neg
164901,neg
164902,pos
164903,neg
164904,neg
164905,neu
164906,pos
164907,neg
164908,pos
164909,neu
164910,pos
164911,pos
164912,neg
164913,pos
164914,neu
164915,neg
164916,neg
164917,neu
164918,pos
164919,pos
164920,neg
164921,pos
164922,neg
164923,neg
164924,pos
164925,neg
164926,neg
164927,neg
164928,pos
164929,pos
164930,pos
164931,neg
164932,neu
164933,neu
164934,pos
164935,neg
164937,neg
164938,neu
164939,pos
164940,neu
164941,neg
164942,neu
164943,neg
164944,pos
164945,neg
164946,pos
164947,neu
164948,pos
164949,neg
164950,neg
164951,neg
164952,pos
164953,neu
164954,neg
164955,neg
164956,neg
164957,neu
164958,neg
164959,neg
164960,neg
164961,neg
164962,pos
164963,neg
164964,neu
164965,pos
164966,neg
164967,pos
164968,neg
164969,pos
164970,pos
164971,neg
164972,neg
164973,pos
164974,neu
164975,neg
164976,neg
164977,neu
164978,pos
164979,pos
164980,pos
164981,pos
164982,neg
164983,neg
164984,pos
164985,neu
164986,pos
164987,neg
164988,pos
164989,pos
164990,neu
164991,neu
164992,neg
164993,neg
164994,neg
164995,pos
164996,neg
164997,pos
164998,pos
164999,neu
165000,pos
165001,pos
165002,neg
165003,neg
165004,pos
165005,pos
165006,pos
165007,pos
165008,neg
165009,neg
165010,neg
165011,pos
165012,neg
165013,neu
165014,pos
165015,neg
165016,pos
165017,neg
165018,neg
165019,pos
165020,neg
165021,neg
165022,neg
165023,neg
165024,neg
165025,pos
165026,neg
165027,neg
165028,neg
165029,neu
165030,neu
165031,neg
165032,neg
165033,pos
165034,neg
165035,neg
165036,neg
165037,neg
165038,neg
165039,neg
165040,neg
165041,pos
165042,neg
165043,neg
165044,pos
165045,neg
165046,pos
165047,neg
165048,neg
165049,neu
165050,pos
165051,neg
165052,pos
165053,pos
165054,neg
165055,neu
165056,pos
165057,pos
165058,pos
165059,neg
165060,neg
165061,neg
165062,pos
165063,neu
165064,pos
165065,neu
165066,neg
165067,neg
165068,neg
165069,pos
165070,neg
165071,neg
165072,pos
165073,neg
165074,neg
165075,neg
165076,neu
165077,neg
165078,pos
165079,neg
165080,neg
165082,pos
165083,pos
165084,neg
165085,neu
165086,pos
165087,neu
165088,neg
165089,pos
165090,pos
165091,neg
165092,neg
165093,pos
165094,neg
165095,neu
165096,pos
165097,neg
165098,neg
165099,neg
165100,pos
165101,neg
165102,neg
165103,neu
165104,pos
165105,neg
165106,pos
165107,neg
165108,pos
165109,neg
165110,pos
165111,neg
165112,neg
165113,neg
165114,neg
165115,neg
165116,neu
165117,neg
165118,pos
165119,pos
165120,neg
165121,neg
165122,pos
165123,neg
165124,pos
165125,neg
165126,neu
165127,neu
165128,neg
165129,neg
165130,pos
165131,neg
165132,pos
165133,neg
165134,pos
165135,pos
165136,neg
165137,neg
165138,neu
165139,neg
165140,neg
165141,pos
165142,pos
165143,pos
165144,pos
165145,pos
165146,neg
165147,neg
165148,pos
165149,neg
165150,neg
165151,neg
165152,pos
165153,neu
165154,neu
165155,neg
165156,neg
165157,pos
165158,neg
165159,neg
165160,neg
165161,neg
165162,neg
165163,neg
165164,pos
165165,neg
165166,neu
165167,pos
165168,pos
165169,neg
165170,neg
165171,neu
165172,pos
165173,neg
165174,neg
165175,neg
165176,neg
165177,neg
165178,pos
165179,neg
165180,pos
165181,neu
165182,neu
165183,neu
165184,neg
165185,neg
165186,neg
165187,pos
165188,neu
165189,neg
165190,neu
165191,neu
165192,neu
165193,neg
165194,pos
165195,neg
165196,neg
165197,neg
165198,neg
165199,pos
165200,pos
165201,neg
165202,neg
165203,pos
165204,neg
165205,neu
165206,neg
165207,neg
165208,neg
165209,neg
165210,neg
165211,pos
165212,pos
165213,neg
165214,neg
165215,pos
165216,neg
165217,pos
165218,neu
165219,neg
165220,pos
165221,pos
165222,pos
165223,neg
165224,neg
165225,pos
165226,neu
165227,neg
165228,neg
165229,neg
165230,pos
165231,neu
165232,neu
165233,neu
165234,pos
165235,neg
165236,neu
165237,neg
165238,neg
165239,pos
165240,pos
165241,pos
165242,neg
165243,pos
165244,neu
165245,neg
165246,pos
165247,neg
165248,neu
165249,neg
165250,pos
165251,neg
165252,neu
165253,neu
165254,pos
165255,neg
165256,pos
165257,pos
165258,neg
165259,pos
165260,pos
165261,neu
165262,neg
165263,neg
165265,pos
165266,neg
165267,pos
165268,neu
165269,neg
165270,pos
165271,neu
165272,neg
165273,neu
165274,neu
165275,pos
165276,pos
165277,pos
165278,neg
165279,pos
165280,neg
165281,neu
165282,pos
165283,neg
165284,pos
165285,pos
165286,neu
165287,neg
165288,pos
165289,pos
165290,neu
165291,pos
165292,pos
165293,neg
165294,pos
165295,neg
165296,neu
165297,neg
165298,neu
165299,pos
165300,neg
165301,neg
165302,pos
165303,neg
165304,neu
165305,neg
165306,neg
165307,neg
165308,neg
165309,pos
165310,neu
165311,neg
165312,neg
165313,pos
165314,neu
165315,neg
165316,neg
165317,neu
165318,neg
165319,neg
165320,neg
165321,pos
165322,neg
165323,neg
165324,neg
165325,neu
165326,pos
165327,pos
165328,pos
165329,neu
165330,neg
165331,pos
165332,pos
165333,pos
165334,neu
165335,pos
165336,pos
165337,neu
165338,pos
165339,pos
165340,pos
165342,pos
165343,pos
165344,neg
165345,pos
165346,neg
165347,neg
165348,neg
165349,neg
165350,neg
165351,neg
165352,neg
165353,pos
165354,neg
165356,neu
165357,neu
165358,neg
165359,pos
165360,pos
165361,pos
165362,neg
165363,pos
165365,pos
165366,neg
165367,pos
165368,neg
165369,neg
165370,neg
165371,pos
165372,pos
165373,pos
165374,neu
165375,neg
165376,neu
165377,neg
165378,neu
165379,neg
165380,neg
165381,neu
165382,neg
165383,neu
165384,neg
165385,neg
165386,pos
165387,neg
165388,neg
165389,neu
165390,neg
165391,neu
165392,neg
165393,neg
165394,neg
165395,neg
165396,neg
165397,neg
165398,neg
165399,neg
165400,neg
165401,pos
165402,neu
165403,neg
165404,neu
165405,neg
165406,neg
165407,neu
165408,pos
165409,pos
165410,pos
165411,neg
165412,neg
165413,pos
165414,neu
165415,neg
165416,neu
165417,neu
165418,pos
165419,pos
165420,pos
165421,neu
165422,neg
165423,pos
165424,neg
165425,neg
165426,pos
165427,pos
165428,neg
165429,pos
165430,neg
165431,pos
165432,neg
165433,neg
165434,pos
165435,pos
165436,neg
165437,neg
165438,neg
165439,neu
165440,pos
165441,neg
165442,pos
165443,neu
165444,neg
165445,pos
165446,pos
165447,pos
165448,neu
165449,neg
165450,neg
165451,neu
165452,neu
165453,neg
165454,pos
165455,neu
165456,neu
165457,neg
165458,pos
165459,neg
165460,pos
165461,pos
165462,pos
165463,pos
165464,neg
165465,neu
165466,neg
165467,neg
165468,pos
165469,neg
165470,neg
165471,pos
165472,neg
165473,neu
165474,pos
165475,neu
165476,pos
165477,pos
165478,neg
165479,neg
165480,neu
165481,neg
165482,neg
165483,neg
165484,pos
165485,pos
165486,neu
165487,pos
165488,neg
165489,neu
165490,neg
165491,pos
165492,neg
165493,neg
165494,pos
165495,neg
165496,pos
165497,neu
165498,neu
165499,neu
165500,neu
165501,neg
165502,neu
165503,pos
165504,neg
165505,neg
165506,neg
165507,neg
165508,pos
165509,neg
165510,neg
165511,neg
165512,pos
165513,neg
165514,neu
165515,neu
165516,neg
165517,pos
165518,neg
165519,pos
165520,pos
165521,neg
165522,neu
165523,pos
165524,neu
165525,neg
165526,pos
165527,neg
165528,neg
165529,pos
165530,neg
165531,pos
165532,pos
165533,neg
165534,neg
165535,neg
165536,pos
165537,neg
165538,pos
165539,neg
165540,neg
165541,pos
165542,pos
165543,neu
165544,neu
165545,pos
165546,pos
165547,neu
165549,neg
165550,neg
165551,neu
165552,pos
165553,pos
165554,pos
165555,neg
165556,neg
165557,pos
165558,pos
165559,neu
165560,neu
165561,pos
165562,neu
165563,neg
165564,neg
165565,neg
165566,pos
165567,neg
165568,neu
165569,neg
165570,pos
165571,neu
165572,neu
165573,pos
165574,neg
165575,pos
165576,pos
165577,pos
165578,neg
165579,pos
165580,pos
165581,pos
165582,pos
165583,pos
165584,pos
165585,neu
165586,neg
165587,neg
165588,pos
165589,neu
165590,pos
165591,pos
165592,neg
165593,neg
165594,neg
165595,neg
165596,pos
165597,neg
165598,pos
165599,pos
165600,pos
165601,neu
165602,pos
165603,pos
165604,neg
165605,pos
165606,neg
165607,pos
165608,pos
165609,neg
165610,neg
165611,neu
165612,pos
165613,pos
165614,neg
165615,neu
165617,neg
165618,neg
165619,neg
165620,neg
165621,neg
165622,neg
165623,pos
165624,neu
165625,pos
165626,pos
165627,neu
165628,pos
165629,neg
165630,neu
165631,neg
165632,neg
165633,neg
165634,neu
165635,pos
165636,neu
165637,neg
165638,neg
165639,pos
165640,pos
165641,neg
165642,neg
165643,neu
165644,pos
165645,pos
165646,neg
165647,neg
165648,pos
165649,pos
165650,neg
165651,neg
165652,pos
165653,pos
165654,pos
165655,pos
165656,pos
165657,pos
165658,neu
165659,neg
165660,neg
165661,neg
165662,pos
165663,neg
165664,neu
165665,neu
165666,neg
165667,neu
165668,neg
165669,neg
165670,neg
165671,pos
165672,neg
165673,pos
165674,neg
165675,pos
165676,pos
165677,pos
165678,neu
165679,neu
165680,neg
165681,neg
165682,neu
165683,neg
165684,pos
165685,neg
165686,neu
165687,neg
165688,neu
165689,pos
165690,neu
165691,pos
165692,neg
165693,neg
165694,pos
165695,neg
165696,pos
165697,neg
165698,pos
165699,neu
165700,neg
165701,neu
165702,neg
165703,pos
165704,neg
165705,pos
165706,neg
165707,neg
165708,neg
165709,pos
165710,pos
165711,neg
165712,neg
165713,neg
165714,pos
165715,neg
165716,neg
165717,neg
165718,neu
165719,pos
165720,neu
165721,neg
165722,pos
165723,neg
165724,pos
165725,neg
165726,neg
165727,pos
165728,pos
165729,neg
165730,neu
165731,neu
165732,pos
165733,neu
165734,neg
165735,neu
165736,neg
165737,pos
165738,neu
165739,neg
165740,neu
165741,neg
165742,neg
165743,neg
165744,pos
165745,neg
165746,neg
165747,pos
165748,neg
165749,neg
165750,neg
165751,neu
165752,neu
165753,pos
165754,pos
165755,neg
165756,neu
165757,pos
165758,pos
165759,neg
165760,neu
165761,neg
165762,neg
165763,neg
165764,pos
165765,neg
165766,neg
165767,neg
165768,neg
165769,pos
165770,pos
165771,neg
165772,neg
165773,pos
165774,pos
165775,neg
165776,neg
165777,neg
165778,neg
165779,neg
165780,pos
165781,neu
165782,pos
165783,neu
165784,pos
165785,pos
165786,neg
165787,pos
165788,pos
165789,neu
165790,neg
165791,pos
165792,pos
165793,neg
165794,pos
165795,neu
165796,pos
165797,neu
165798,neg
165799,neu
165800,pos
165801,neg
165802,neg
165803,pos
165804,pos
165805,neu
165806,pos
165807,neg
165808,neg
165809,pos
165810,neg
165811,neg
165812,neg
165813,pos
165814,pos
165815,neg
165816,neg
165817,pos
165818,neg
165819,pos
165820,neg
165821,neg
165822,neu
165823,pos
165824,neu
165825,neg
165826,neg
165827,neg
165828,pos
165829,pos
165830,neu
165831,pos
165832,neu
165833,neu
165834,neg
165835,pos
165836,neg
165837,pos
165838,pos
165839,pos
165840,neg
165841,neu
165842,neg
165843,neu
165844,neg
165845,neg
165846,pos
165847,neg
165848,neg
165849,neg
165850,pos
165851,neg
165852,neu
165853,pos
165854,neg
165855,neg
165856,neg
165857,neg
165858,neu
165859,pos
165860,neu
165861,neg
165862,pos
165863,neg
165864,neg
165865,neg
165866,pos
165867,pos
165868,pos
165869,pos
165870,neg
165871,pos
165872,neg
165873,neu
165874,pos
165875,neg
165876,pos
165877,neg
165878,neg
165879,pos
165880,neg
165881,neu
165882,pos
165883,neg
165884,neg
165885,neg
165886,neg
165887,neu
165888,pos
165889,pos
165890,neg
165891,neu
165892,neg
165893,neg
165894,pos
165895,neu
165896,neg
165897,pos
165898,neu
165899,pos
165900,neu
165901,pos
165902,pos
165903,neg
165904,neg
165905,pos
165906,neu
165907,neu
165908,neg
165909,neg
165910,pos
165911,pos
165912,pos
165913,neu
165914,neu
165915,neg
165916,neg
165917,neg
165918,neg
165919,neg
165920,neu
165921,neg
165922,neg
165923,neg
165924,pos
165925,pos
165926,neg
165927,neu
165928,neg
165929,neu
165930,neg
165931,neu
165932,neg
165933,pos
165934,neg
165936,neg
165937,pos
165938,neg
165939,neg
165940,neg
165941,pos
165942,pos
165943,neu
165944,pos
165945,pos
165946,neg
165947,neg
165948,neu
165949,neu
165950,neu
165951,neu
165952,pos
165953,neg
165954,neg
165955,neu
165956,neg
165957,pos
165958,pos
165959,neg
165960,neg
165961,pos
165962,neu
165963,neu
165964,neg
165965,pos
165966,neg
165967,neg
165968,neg
165969,neg
165970,pos
165971,neg
165972,neg
165973,neg
165974,pos
165975,neg
165976,neg
165977,pos
165978,neu
165979,neu
165980,pos
165981,neg
165982,neg
165983,neu
165984,neg
165985,pos
165986,neg
165987,pos
165988,neg
165989,neg
165990,neu
165991,neg
165992,neu
165993,pos
165994,neu
165995,neg
165996,neg
165997,pos
165998,neu
165999,pos
166000,neg
166001,neu
166002,neg
166003,neg
166004,pos
166005,neg
166006,neg
166007,pos
166008,neu
166009,neu
166010,pos
166011,neu
166012,neg
166013,neg
166014,neg
166015,neg
166016,neg
166017,neu
166018,neg
166019,pos
166020,pos
166021,neg
166022,neg
166023,neg
166024,neg
166025,pos
166026,neg
166027,pos
166028,neg
166029,neg
166030,pos
166031,neg
166032,neg
166033,neg
166034,neg
166035,neu
166036,pos
166037,neu
166038,pos
166039,neg
166040,neg
166041,pos
166042,neu
166043,neu
166044,neu
166045,neg
166046,neu
166047,pos
166048,pos
166049,pos
166050,pos
166051,neg
166052,neu
166053,pos
166054,neg
166055,pos
166056,neg
166057,pos
166058,pos
166059,pos
166060,neg
166061,neu
166062,pos
166063,neg
166064,neu
166065,neu
166066,pos
166067,neg
166068,neg
166069,neg
166070,pos
166071,neu
166072,neg
166073,neu
166074,pos
166075,neg
166076,neg
166077,neg
166078,neu
166079,neu
166080,neg
166081,pos
166082,neu
166083,pos
166084,pos
166085,neg
166086,pos
166087,neg
166088,pos
166089,neu
166090,pos
166091,pos
166092,neg
166093,pos
166094,pos
166095,neg
166096,pos
166097,neg
166098,neg
166099,neg
166100,neg
166101,pos
166102,neg
166103,neg
166104,neg
166105,pos
166106,neg
166107,neg
166108,neu
166109,neu
166110,neu
166111,pos
166112,neu
166113,neu
166114,neu
166115,neu
166116,pos
166117,pos
166118,neg
166119,neu
166120,pos
166121,pos
166122,pos
166123,pos
166124,neu
166125,neg
166126,neg
166127,neg
166128,pos
166129,neg
166130,neg
166131,neg
166132,neg
166133,neg
166134,pos
166135,neg
166136,neu
166137,pos
166138,pos
166139,neg
166140,neu
166141,pos
166142,neu
166143,neg
166144,neu
166145,pos
166146,pos
166147,pos
166148,pos
166149,neg
166150,neu
166151,neg
166152,pos
166153,neg
166154,neu
166155,pos
166156,neg
166157,neg
166158,pos
166159,pos
166160,neg
166161,pos
166162,neu
166163,neu
166164,neg
166165,neu
166166,neg
166167,neg
166168,neu
166169,pos
166170,neg
166172,neg
166173,neg
166174,neu
166175,neg
166176,pos
166177,neg
166178,pos
166179,neg
166180,neg
166181,neu
166182,neg
166183,pos
166184,neu
166185,pos
166186,pos
166187,neg
166188,neg
166189,neu
166190,neu
166191,neu
166192,neg
166193,pos
166194,neg
166195,neg
166196,neu
166197,neu
166198,neg
166199,pos
166200,neg
166201,pos
166202,pos
166203,pos
166204,pos
166205,neg
166206,neg
166207,neg
166208,neu
166209,pos
166210,neg
166211,neg
166212,neg
166213,neu
166214,neg
166215,pos
166216,pos
166217,pos
166218,neg
166219,neu
166220,pos
166221,neg
166222,neg
166223,pos
166224,neg
166225,neu
166226,neg
166227,pos
166228,neu
166229,pos
166230,neg
166231,pos
166232,pos
166233,pos
166234,neg
166235,pos
166236,neg
166237,neu
166238,neu
166239,pos
166240,neg
166241,neg
166242,pos
166243,pos
166244,neg
166245,pos
166246,neg
166247,neg
166248,pos
166249,pos
166250,neg
166251,pos
166252,neg
166253,pos
166254,pos
166255,pos
166256,neg
166257,pos
166258,neg
166259,neg
166260,neu
166261,neg
166262,neg
166263,neu
166264,pos
166265,neg
166266,neg
166267,pos
166268,pos
166269,neg
166270,neg
166271,neg
166272,neu
166273,pos
166274,neg
166275,neu
166276,pos
166277,neg
166278,neg
166279,pos
166280,neg
166281,neu
166282,pos
166283,neu
166284,neg
166285,neu
166286,neg
166287,neg
166288,pos
166289,neg
166290,pos
166291,pos
166292,neg
166293,neu
166294,neg
166295,neg
166296,neg
166297,neg
166298,neu
166299,pos
166300,neg
166301,neg
166302,neg
166303,neg
166304,pos
166305,neg
166306,neg
166307,neg
166308,neg
166309,neg
166310,neu
166311,neg
166312,neg
166313,neg
166314,pos
166315,pos
166316,pos
166317,neu
166318,neg
166319,neg
166320,neu
166321,neu
166322,pos
166323,neg
166324,pos
166325,pos
166326,neu
166327,neu
166328,neu
166329,pos
166330,pos
166331,neu
166332,pos
166333,neg
166334,neg
166335,pos
166336,neg
166337,pos
166338,neu
166339,neg
166340,neu
166341,neg
166342,neg
166343,pos
166344,pos
166345,pos
166346,pos
166347,neu
166348,neg
166349,pos
166350,pos
166351,pos
166352,pos
166353,neu
166354,neg
166355,neu
166356,neg
166357,pos
166358,pos
166359,pos
166360,neg
166361,pos
166362,pos
166363,pos
166364,pos
166365,pos
166366,neu
166367,neu
166368,pos
166369,pos
166370,neu
166371,pos
166372,pos
166373,neu
166374,pos
166375,neg
166376,neu
166377,pos
166378,neu
166379,pos
166380,pos
166381,neg
166382,pos
166383,neu
166384,neg
166385,neg
166386,pos
166387,neg
166388,pos
166389,pos
166390,pos
166391,neg
166392,neu
166393,pos
166394,neg
166395,pos
166396,pos
166397,neu
166398,neu
166399,neg
166400,pos
166401,neg
166402,neg
166403,neg
166404,neg
166405,neg
166406,neg
166407,neu
166408,neg
166409,neg
166410,neg
166411,neg
166412,pos
166413,neg
166414,pos
166415,pos
166416,pos
166417,neu
166418,neg
166419,pos
166420,pos
166421,neg
166422,neg
166423,neg
166424,neu
166425,pos
166426,neu
166427,neu
166428,neg
166429,neg
166430,pos
166431,neg
166432,neg
166433,pos
166434,neg
166435,neg
166436,pos
166437,pos
166438,neg
166439,neg
166440,pos
166441,neu
166442,pos
166443,neu
166444,neg
166445,pos
166446,pos
166447,neg
166448,pos
166449,neg
166450,neu
166451,pos
166452,neg
166453,neu
166454,neg
166455,neg
166456,neg
166457,pos
166458,pos
166459,neu
166460,neg
166461,neu
166462,neg
166463,pos
166464,pos
166465,pos
166466,neg
166467,neg
166468,neu
166469,neg
166470,neg
166471,neu
166472,neg
166473,neg
166474,neg
166475,pos
166476,neu
166477,neu
166478,neg
166479,neg
166480,pos
166481,pos
166482,pos
166483,neg
166484,neg
166485,pos
166486,neg
166487,pos
166488,neg
166489,neg
166490,neg
166491,pos
166492,pos
166493,neu
166494,neu
166495,pos
166496,pos
166497,neg
166498,pos
166499,pos
166500,neg
166501,pos
166502,neg
166503,neu
166504,neu
166505,pos
166506,neg
166507,neg
166508,neg
166509,neu
166510,neg
166511,neg
166512,pos
166513,neg
166514,pos
166515,neg
166516,neu
166517,neg
166518,pos
166519,neg
166520,neg
166521,neg
166522,neg
166523,neg
166524,neg
166525,neg
166526,neg
166527,neu
166528,pos
166529,neg
166530,pos
166531,neg
166532,neg
166533,neu
166534,neg
166535,neu
166536,neu
166537,pos
166538,neg
166539,neg
166540,pos
166541,neu
166542,neg
166543,pos
166544,neg
166545,pos
166546,neg
166547,pos
166548,pos
166549,neg
166550,neu
166551,neu
166552,neg
166553,pos
166554,neg
166555,neg
166556,neg
166557,neu
166558,pos
166559,neg
166560,neg
166561,pos
166562,pos
166563,neu
166564,pos
166565,neg
166566,neu
166567,neg
166568,pos
166569,pos
166570,neg
166571,pos
166572,pos
166573,neg
166574,neu
166575,pos
166576,pos
166577,neg
166578,neg
166579,neg
166580,pos
166581,neg
166582,neg
166583,pos
166584,pos
166585,neg
166586,neu
166587,neg
166588,pos
166589,neg
166590,pos
166591,pos
166592,pos
166593,neu
166594,neu
166595,neg
166596,neg
166597,pos
166598,neu
166599,pos
166600,pos
166601,pos
166602,neg
166603,pos
166604,pos
166605,neg
166606,pos
166607,neu
166608,neg
166609,neg
166610,neg
166611,pos
166612,neg
166613,pos
166614,neg
166615,pos
166616,pos
166617,neu
166618,neu
166619,neg
166620,neg
166621,pos
166622,neg
166623,neg
166624,neg
166625,neu
166626,pos
166627,neg
166628,neg
166629,neg
166630,neg
166631,neg
166632,neu
166633,pos
166634,pos
166635,pos
166636,neg
166637,neg
166638,neg
166639,neu
166640,neu
166641,neg
166642,neu
166643,neg
166644,pos
166645,neu
166646,pos
166647,pos
166648,neu
166649,neu
166650,neg
166651,pos
166652,neg
166653,pos
166654,pos
166655,neg
166656,pos
166657,pos
166658,neu
166659,pos
166660,pos
166661,pos
166662,neu
166663,neg
166664,neu
166665,neg
166666,pos
166667,neg
166668,neu
166669,pos
166670,pos
166671,neg
166672,neg
166673,neg
166674,neu
166675,neg
166676,pos
166677,neg
166678,neg
166679,neg
166680,neu
166681,pos
166682,neg
166683,neg
166684,pos
166685,neg
166686,pos
166687,pos
166688,pos
166689,pos
166690,pos
166691,neg
166692,neg
166693,neu
166694,pos
166695,pos
166696,neg
166697,neg
166698,pos
166699,neg
166700,pos
166701,neu
166702,pos
166703,neg
166704,neg
166705,pos
166706,neg
166707,pos
166708,neu
166709,neu
166710,neu
166711,pos
166712,pos
166713,neg
166714,neg
166715,neu
166716,neu
166717,neg
166718,neg
166719,neg
166720,neg
166721,pos
166722,pos
166723,neg
166724,pos
166725,neg
166726,neg
166727,neg
166728,pos
166729,neu
166730,neg
166731,pos
166732,neg
166733,neg
166734,neu
166735,neu
166736,neg
166737,neu
166738,pos
166739,neg
166740,neu
166741,pos
166742,pos
166743,pos
166744,neg
166745,pos
166746,neg
166747,neg
166748,neg
166749,pos
166750,pos
166751,neu
166752,neg
166753,pos
166754,neu
166755,neg
166756,pos
166757,neg
166758,pos
166759,neu
166760,neg
166761,neg
166762,neg
166763,neg
166764,neg
166765,pos
166766,neg
166767,pos
166768,neg
166769,pos
166770,neg
166771,neg
166772,neg
166773,neg
166774,neg
166775,neg
166776,neg
166777,neu
166778,neu
166779,neg
166780,neu
166781,pos
166782,neg
166783,pos
166784,neg
166785,neg
166786,pos
166787,neu
166788,pos
166789,neg
166790,neg
166791,neu
166792,neu
166793,neg
166794,neg
166795,neg
166796,pos
166797,neg
166798,pos
166799,neg
166800,neu
166801,neg
166802,neg
166803,neg
166804,neg
166805,pos
166806,neg
166807,pos
166808,neg
166809,neg
166810,pos
166811,neu
166812,pos
166813,neg
166814,neg
166815,neg
166816,neg
166817,pos
166818,neu
166819,neu
166820,pos
166821,neg
166822,neg
166823,pos
166824,pos
166825,neg
166826,neg
166827,neg
166828,neg
166829,neg
166830,neg
166831,neu
166832,neg
166833,neu
166834,neu
166835,pos
166836,neg
166837,pos
166838,pos
166839,neg
166840,neg
166841,pos
166842,pos
166843,neu
166844,pos
166845,pos
166846,neu
166847,neu
166848,neu
166849,neg
166850,neg
166851,pos
166852,neg
166853,neg
166854,pos
166855,pos
166856,pos
166858,neu
166859,neg
166860,neg
166861,neg
166862,neu
166863,pos
166864,neg
166865,neg
166866,neg
166867,neg
166868,neg
166869,neg
166870,neu
166871,neg
166872,neg
166873,neu
166874,neg
166875,neg
166876,neu
166877,pos
166878,neg
166879,neg
166880,neg
166881,neu
166882,pos
166883,neu
166884,pos
166885,neg
166886,neg
166887,neg
166888,neg
166889,neu
166890,neg
166891,neg
166892,neu
166893,neg
166894,neg
166895,pos
166896,pos
166897,neg
166898,neg
166899,pos
166900,neg
166901,pos
166902,neg
166903,neg
166904,neg
166905,neg
166906,pos
166907,pos
166908,pos
166909,neg
166910,neg
166911,pos
166912,neu
166913,pos
166914,neu
166915,neg
166916,neg
166917,pos
166918,neu
166919,neg
166920,neu
166921,neg
166922,neu
166923,neg
166924,pos
166925,neg
166926,pos
166927,neu
166928,neg
166929,pos
166930,neu
166931,neu
166932,neu
166933,neg
166934,neu
166935,pos
166936,neg
166937,neg
166938,pos
166939,neg
166940,neg
166941,neu
166942,neg
166943,neg
166944,neg
166945,pos
166946,neg
166947,neg
166948,pos
166949,neg
166950,neg
166951,neg
166952,neg
166953,pos
166954,neg
166955,neu
166956,neg
166957,neu
166958,neg
166959,neg
166960,neu
166961,pos
166962,neg
166963,pos
166964,neu
166965,neg
166966,neg
166967,pos
166968,pos
166969,neg
166970,neg
166971,neg
166972,neu
166973,pos
166974,pos
166975,pos
166976,neg
166977,neu
166978,pos
166979,neu
166980,pos
166981,neu
166982,neu
166983,neu
166984,neu
166985,pos
166986,neg
166987,pos
166988,pos
166989,neg
166990,neu
166991,neg
166992,neg
166993,neg
166994,neg
166995,neg
166996,pos
166997,neg
166998,pos
166999,neg
167000,neu
167001,neg
167002,neg
167003,pos
167004,neg
167005,neu
167006,neg
167007,neg
167008,neu
167009,pos
167010,neg
167011,neu
167012,pos
167013,pos
167014,neg
167015,neg
167016,pos
167017,neg
167018,pos
167019,pos
167020,neg
167021,pos
167022,neg
167023,neg
167024,neg
167025,neu
167026,pos
167027,neg
167028,pos
167029,neg
167030,pos
167031,neg
167032,pos
167033,neu
167034,pos
167035,neg
167036,neg
167037,neu
167038,neg
167039,neg
167040,pos
167041,neg
167042,neg
167043,neg
167044,neg
167045,neg
167046,neu
167047,neg
167048,pos
167049,neg
167050,pos
167051,neg
167052,pos
167053,neg
167054,neg
167055,neu
167056,neu
167057,neu
167058,pos
167059,neg
167060,neg
167061,neg
167062,pos
167063,pos
167064,pos
167065,neu
167066,pos
167067,pos
167068,neu
167069,pos
167070,pos
167071,neg
167072,pos
167073,neg
167074,neg
167075,pos
167076,pos
167077,pos
167078,neg
167079,neu
167080,neu
167081,pos
167082,pos
167083,neg
167084,neu
167085,pos
167086,neg
167087,neu
167088,neu
167089,pos
167090,neg
167091,pos
167092,pos
167093,neg
167094,pos
167095,pos
167096,neg
167097,neg
167098,neg
167099,neu
167100,neg
167101,neg
167102,neg
167103,pos
167104,neu
167105,pos
167106,pos
167107,pos
167108,pos
167109,pos
167110,neg
167111,neg
167112,neg
167113,neu
167114,neg
167115,pos
167116,neg
167117,neg
167118,pos
167119,pos
167120,pos
167121,pos
167122,pos
167123,neg
167124,neg
167125,pos
167126,neu
167127,neu
167128,neg
167129,neg
167130,neg
167131,pos
167132,neg
167133,neg
167134,neg
167135,neu
167136,neg
167137,pos
167138,pos
167139,pos
167140,neu
167141,neg
167142,pos
167143,neu
167144,pos
167145,neg
167146,neg
167147,neu
167148,neu
167149,pos
167150,pos
167151,neg
167152,neg
167153,neg
167154,neu
167155,pos
167156,neg
167157,neg
167158,neu
167159,pos
167160,neu
167161,neg
167162,pos
167163,pos
167164,pos
167165,pos
167166,pos
167167,pos
167168,neg
167169,neu
167170,neg
167171,neu
167172,neg
167173,neu
167174,neu
167175,pos
167176,neu
167177,neu
167178,neg
167179,neu
167180,neu
167181,pos
167182,pos
167183,neu
167184,neu
167185,neu
167186,neg
167187,neg
167188,neu
167189,neu
167190,neg
167191,pos
167192,neg
167193,neg
167194,neg
167195,pos
167196,pos
167197,pos
167198,neg
167199,pos
167200,neg
167201,pos
167202,pos
167203,neu
167204,neg
167205,neu
167206,pos
167207,neg
167208,neu
167209,neu
167210,neg
167211,neg
167212,pos
167213,pos
167214,neg
167215,pos
167216,neg
167217,pos
167218,neg
167220,neg
167221,neg
167222,neg
167223,neg
167224,neg
167225,neg
167226,pos
167227,neu
167228,pos
167229,neg
167230,neu
167231,pos
167232,neg
167233,neg
167234,neu
167235,pos
167236,pos
167237,pos
167238,neg
167239,neg
167240,pos
167241,neg
167242,neu
167243,neg
167244,neg
167245,neg
167246,neu
167247,neg
167248,neu
167249,neg
167250,neg
167251,pos
167252,neu
167253,pos
167254,pos
167255,neg
167256,neg
167257,neg
167258,neg
167259,pos
167260,neg
167261,neu
167262,neg
167263,neg
167264,neg
167265,neg
167266,neg
167267,pos
167268,neu
167269,neg
167270,neg
167271,pos
167272,neu
167273,pos
167274,pos
167275,neg
167276,neg
167277,pos
167278,neg
167279,neu
167280,pos
167281,pos
167282,pos
167283,neg
167284,neg
167285,neu
167286,pos
167287,neg
167288,pos
167289,neu
167290,neu
167291,pos
167292,pos
167293,neu
167294,neg
167295,neg
167296,pos
167297,neu
167298,neg
167299,neg
167300,neg
167301,pos
167302,neu
167303,pos
167304,neg
167305,pos
167306,neg
167307,pos
167308,neg
167309,neg
167310,neg
167311,neu
167312,neg
167313,neu
167314,neg
167315,neg
167316,neu
167317,neg
167318,pos
167319,neu
167320,pos
167321,neg
167322,neg
167323,neg
167324,neg
167325,pos
167326,neg
167327,neg
167328,neg
167329,neg
167330,pos
167331,neu
167332,neu
167333,pos
167334,pos
167335,pos
167336,neg
167337,neg
167338,pos
167339,neg
167340,neg
167341,neg
167342,pos
167343,neg
167344,neu
167345,neg
167346,neg
167347,neg
167348,neg
167349,neu
167350,neg
167351,neu
167352,pos
167353,pos
167354,neu
167355,neg
167356,pos
167357,pos
167358,neu
167359,neg
167360,neg
167361,neg
167362,neu
167363,neu
167364,neg
167365,neu
167366,pos
167367,pos
167368,neu
167369,neu
167370,neg
167371,neg
167372,neg
167373,neg
167374,neu
167375,pos
167376,neu
167377,pos
167378,pos
167379,neg
167380,neu
167381,neu
167382,neu
167383,pos
167384,neg
167385,neg
167386,neg
167387,pos
167388,pos
167389,pos
167390,neg
167391,pos
167392,neg
167393,pos
167394,pos
167395,neu
167396,pos
167397,neg
167398,neg
167399,neg
167400,neg
167401,neg
167402,neg
167403,neu
167404,pos
167405,neg
167406,neg
167407,neg
167408,pos
167409,neu
167410,pos
167411,neg
167412,pos
167413,neg
167414,neg
167415,pos
167416,neg
167417,neg
167418,neg
167419,neg
167420,pos
167421,pos
167422,pos
167423,pos
167424,neu
167425,neg
167426,pos
167427,pos
167428,pos
167429,neu
167430,neg
167431,neu
167432,pos
167433,pos
167434,pos
167435,neu
167436,pos
167437,pos
167438,neg
167439,neg
167440,pos
167441,neg
167442,neg
167443,pos
167444,pos
167445,neu
167446,neu
167447,neg
167448,neg
167449,pos
167450,neg
167451,pos
167452,neg
167453,pos
167454,neg
167455,neg
167456,neg
167457,neu
167458,neg
167459,pos
167460,neg
167461,pos
167462,neg
167463,pos
167464,neg
167465,neg
167466,neu
167467,neg
167468,neg
167469,neu
167470,pos
167471,pos
167472,neg
167473,pos
167474,pos
167475,neu
167476,neg
167477,pos
167478,pos
167479,neu
167480,pos
167481,neu
167482,pos
167483,pos
167484,pos
167485,pos
167486,neg
167487,pos
167488,neg
167489,pos
167490,neg
167491,neg
167492,pos
167493,pos
167494,neg
167495,pos
167496,neg
167497,pos
167498,neg
167499,neg
167500,neg
167501,pos
167502,pos
167503,pos
167504,neu
167505,neg
167506,neg
167507,neg
167508,neg
167509,neu
167510,neg
167511,neu
167512,pos
167513,neg
167514,neg
167515,neg
167516,pos
167517,pos
167518,pos
167519,neg
167520,neg
167521,neg
167522,neg
167523,neg
167524,pos
167525,neg
167526,pos
167527,neg
167528,neu
167529,neg
167530,pos
167531,neg
167532,neg
167533,neg
167534,neu
167535,pos
167536,neg
167537,pos
167538,neg
167539,neg
167540,neg
167541,neg
167542,neg
167543,pos
167544,pos
167545,neg
167546,neg
167547,neg
167548,pos
167549,pos
167550,neg
167551,pos
167552,neu
167553,neg
167554,neu
167555,neg
167556,neu
167557,neg
167558,neg
167559,neg
167560,neu
167561,neg
167562,pos
167563,neg
167564,neg
167565,pos
167566,neg
167567,pos
167568,pos
167569,pos
167570,pos
167571,pos
167572,pos
167573,neu
167574,neg
167575,neu
167576,neg
167577,neg
167578,pos
167579,neg
167580,neg
167581,pos
167582,neg
167583,neu
167584,neu
167585,pos
167586,pos
167587,neg
167588,neg
167589,pos
167590,neg
167591,neg
167592,pos
167593,neg
167594,pos
167595,neu
167596,pos
167597,neg
167598,neg
167599,pos
167600,pos
167601,neg
167602,pos
167603,pos
167604,pos
167605,pos
167606,neu
167607,pos
167608,pos
167609,pos
167610,pos
167611,neg
167612,neg
167613,neu
167614,pos
167615,neg
167616,pos
167617,neg
167618,neg
167619,neg
167620,pos
167621,pos
167622,neg
167623,pos
167624,neg
167625,neu
167626,neu
167627,pos
167628,neu
167629,neg
167630,neg
167631,pos
167632,neg
167633,neg
167634,pos
167635,neu
167636,neu
167637,neg
167638,pos
167639,neg
167640,neg
167641,neg
167642,pos
167643,pos
167644,pos
167645,pos
167646,pos
167647,neg
167648,neg
167649,neg
167650,neg
167651,neg
167652,neg
167653,neu
167654,pos
167655,pos
167656,neg
167657,pos
167658,neg
167659,neu
167660,pos
167661,pos
167662,pos
167663,pos
167664,pos
167665,neu
167666,pos
167667,pos
167668,pos
167669,neg
167670,neu
167671,neg
167672,pos
167673,neg
167674,neg
167675,pos
167676,pos
167677,neu
167678,neg
167679,neu
167680,neg
167681,neg
167682,neg
167683,neg
167684,neu
167685,neu
167686,pos
167687,pos
167688,pos
167689,neu
167690,neg
167691,neu
167692,neg
167693,neg
167694,neg
167695,neg
167696,neu
167697,neg
167698,neg
167699,pos
167700,neg
167701,neg
167702,neu
167703,pos
167704,pos
167705,neg
167706,neg
167707,neu
167708,neu
167709,pos
167710,neg
167711,pos
167712,neg
167713,neg
167714,pos
167715,neg
167716,neg
167717,neg
167718,neg
167719,neg
167720,neg
167721,pos
167722,neu
167723,pos
167724,neg
167725,pos
167726,neg
167727,neg
167728,neu
167729,neg
167730,neu
167731,neg
167732,pos
167733,pos
167734,neg
167735,pos
167736,neu
167737,pos
167738,neg
167739,neg
167740,pos
167741,neg
167742,neu
167743,neg
167744,pos
167745,neg
167746,pos
167747,pos
167748,neu
167749,neg
167750,neg
167751,pos
167752,neu
167753,pos
167754,neg
167755,neg
167756,pos
167757,neg
167758,neu
167759,neu
167760,pos
167761,neu
167762,neg
167763,neg
167764,neg
167765,neg
167766,pos
167767,neg
167768,pos
167769,pos
167770,neu
167771,neu
167772,neu
167773,neg
167774,pos
167775,neg
167776,neg
167777,neg
167778,neu
167779,pos
167780,pos
167781,neu
167782,pos
167783,neg
167784,neg
167785,pos
167786,pos
167787,neg
167788,neg
167789,neu
167790,pos
167791,neg
167792,neg
167793,neg
167794,neu
167795,neu
167796,neu
167797,neu
167798,neu
167799,pos
167800,pos
167801,neg
167802,neg
167803,neu
167804,neu
167805,neu
167806,pos
167807,pos
167808,pos
167809,neu
167810,neg
167811,pos
167812,neu
167813,pos
167814,pos
167815,pos
167816,pos
167817,pos
167818,neg
167820,pos
167821,pos
167822,neg
167823,pos
167824,pos
167825,neu
167826,neg
167827,neg
167828,neg
167829,neg
167830,neg
167831,neu
167832,neu
167833,neg
167834,pos
167835,neg
167836,neg
167837,neg
167838,neg
167839,neg
167840,pos
167841,neu
167842,pos
167843,neu
167844,neg
167845,neg
167846,neg
167847,neg
167848,neu
167849,neg
167850,neg
167851,neg
167852,neg
167853,neg
167854,neg
167855,neg
167856,pos
167857,neu
167858,pos
167859,neu
167860,neg
167861,neu
167862,pos
167863,neu
167864,neg
167865,neg
167866,pos
167867,neg
167868,neu
167869,neu
167870,pos
167871,neg
167872,pos
167873,neg
167874,neg
167875,neg
167876,pos
167877,neu
167878,pos
167879,neg
167880,neu
167881,neg
167882,neg
167883,neg
167884,neg
167885,neu
167886,neg
167887,neu
167888,neg
167889,pos
167890,neg
167891,pos
167892,neu
167893,pos
167894,neg
167895,neg
167896,neu
167897,neu
167898,neg
167899,neg
167900,pos
167901,neg
167902,neg
167903,neg
167904,neu
167905,pos
167906,neg
167907,neu
167908,neu
167909,neg
167910,pos
167911,neu
167912,neg
167913,pos
167914,pos
167915,neg
167916,pos
167917,neg
167918,neg
167919,neu
167920,neg
167921,neu
167922,neg
167923,neg
167924,neg
167925,neg
167926,neu
167927,neg
167928,neg
167929,neg
167930,pos
167931,neg
167932,neu
167933,pos
167934,pos
167935,pos
167936,pos
167937,neg
167938,neg
167939,neu
167940,pos
167941,neu
167942,neu
167943,neg
167944,neg
167945,pos
167946,pos
167947,neg
167948,neg
167949,neg
167950,neg
167951,neg
167952,pos
167953,pos
167954,neu
167955,neg
167956,pos
167957,pos
167958,neu
167959,neu
167960,neg
167961,neu
167962,pos
167963,pos
167964,neg
167965,neg
167966,neu
167967,pos
167968,neu
167969,neg
167970,pos
167971,neu
167972,pos
167973,pos
167974,neg
167975,neg
167976,neg
167977,neg
167978,neg
167979,pos
167980,neg
167981,neu
167982,neg
167983,neu
167984,neg
167985,pos
167986,pos
167987,neu
167988,pos
167989,neu
167990,pos
167991,neu
167992,pos
167993,neg
167994,pos
167995,pos
167996,neu
167997,neg
167998,neu
167999,neu
168000,neg
168001,neg
168002,neu
168003,neg
168004,neg
168005,neu
168006,neg
168007,neu
168008,neg
168009,pos
168010,neg
168011,pos
168012,neg
168013,neu
168014,neg
168015,pos
168016,neg
168017,pos
168018,neg
168019,pos
168020,neu
168021,pos
168022,neg
168023,pos
168024,pos
168025,pos
168026,neg
168027,neu
168028,pos
168029,pos
168030,neg
168031,pos
168032,pos
168033,neg
168034,neu
168035,pos
168036,neg
168037,pos
168038,neg
168039,neg
168040,neu
168041,neg
168042,neg
168043,neg
168044,neg
168045,neg
168046,neg
168047,neu
168048,pos
168049,pos
168050,neg
168051,neu
168052,pos
168053,pos
168054,neg
168055,pos
168056,neu
168057,pos
168058,neg
168059,neu
168060,neg
168061,neg
168062,pos
168063,neg
168064,pos
168065,neg
168066,neg
168067,neg
168068,pos
168069,neu
168070,pos
168071,neg
168072,neg
168073,neu
168074,neg
168075,neu
168076,neg
168077,neu
168078,neg
168079,neu
168080,pos
168081,neg
168082,pos
168083,neg
168084,pos
168085,pos
168086,pos
168087,neg
168088,pos
168089,neg
168090,neg
168091,neu
168092,neg
168093,neu
168094,neg
168095,neg
168096,pos
168097,neu
168098,pos
168099,pos
168100,pos
168101,neu
168102,pos
168103,neg
168104,neg
168105,pos
168106,neg
168107,pos
168108,neg
168109,neu
168110,pos
168111,neg
168112,neg
168113,pos
168114,neg
168115,neg
168116,pos
168117,pos
168118,neg
168119,neg
168120,neg
168121,neg
168122,neg
168123,pos
168124,neg
168125,neg
168126,neg
168127,neg
168128,neg
168129,neu
168130,neg
168131,neg
168132,pos
168133,pos
168134,neg
168135,neg
168136,pos
168137,pos
168138,neg
168139,pos
168140,pos
168141,neu
168142,neg
168143,neu
168144,pos
168145,neg
168146,pos
168147,pos
168148,neg
168149,neu
168150,neu
168151,neg
168152,pos
168153,neg
168154,neg
168155,neg
168156,neg
168157,neu
168158,neg
168159,pos
168160,neg
168161,pos
168162,neg
168163,neg
168164,neu
168165,neg
168166,pos
168167,neg
168168,neu
168169,neg
168170,pos
168171,neg
168172,neu
168173,neg
168174,neg
168175,pos
168176,pos
168177,pos
168178,pos
168179,pos
168180,neu
168181,pos
168182,neg
168183,neu
168184,neu
168185,pos
168186,neg
168187,pos
168188,pos
168189,neu
168190,neu
168191,neg
168192,neg
168193,neg
168194,pos
168195,neg
168196,neg
168197,pos
168198,neu
168199,neg
168200,pos
168201,pos
168202,neg
168203,neg
168204,neg
168205,neg
168206,neu
168207,neu
168208,neg
168209,neu
168210,neu
168211,neu
168212,neg
168213,pos
168214,neg
168215,pos
168216,neg
168217,neg
168218,pos
168219,pos
168220,neg
168221,pos
168222,pos
168223,neu
168224,neu
168225,neg
168226,pos
168227,neu
168228,neu
168229,neg
168230,neu
168231,neg
168232,pos
168233,pos
168234,pos
168235,pos
168236,neg
168237,neg
168238,neu
168239,pos
168240,neu
168241,neu
168242,pos
168243,neg
168244,neu
168245,pos
168246,pos
168247,neu
168248,pos
168249,pos
168250,pos
168251,neu
168252,neg
168253,pos
168254,neg
168255,neu
168256,neg
168257,neg
168258,neu
168259,neu
168260,neg
168261,neg
168262,pos
168263,neg
168264,pos
168265,neg
168266,neg
168267,neg
168268,pos
168269,neg
168270,neg
168271,neu
168272,pos
168273,pos
168274,neg
168275,pos
168276,neu
168277,neg
168278,neg
168279,pos
168280,pos
168281,neg
168282,pos
168283,neg
168284,pos
168285,neg
168286,neu
168287,neu
168288,neg
168289,neg
168290,neg
168291,neu
168292,neg
168293,neg
168294,neu
168295,neg
168296,neu
168297,pos
168298,neu
168299,pos
168300,neu
168301,neg
168302,pos
168303,neg
168304,neg
168305,pos
168306,pos
168307,neu
168308,neu
168309,pos
168310,neg
168311,pos
168312,neg
168313,neg
168314,pos
168315,pos
168316,neg
168317,neg
168318,pos
168319,neu
168320,neg
168321,neu
168322,pos
168323,neu
168324,pos
168325,neg
168326,neg
168327,neu
168328,neg
168329,neg
168330,neu
168331,neg
168332,neg
168333,neu
168334,pos
168335,neg
168336,pos
168337,neg
168338,pos
168339,neu
168340,neg
168341,neu
168342,neg
168343,neg
168344,pos
168345,pos
168346,pos
168347,neu
168348,pos
168349,neg
168350,pos
168351,neg
168352,neg
168353,neu
168354,neg
168355,pos
168356,neg
168358,neg
168359,neg
168360,neg
168361,pos
168362,pos
168363,neu
168364,neg
168365,neg
168366,pos
168367,pos
168368,neg
168369,neg
168370,neu
168371,pos
168372,neg
168373,neg
168374,pos
168375,pos
168376,neg
168377,neu
168378,neg
168379,neu
168380,neu
168381,neg
168382,neg
168383,neg
168384,neg
168385,neg
168386,neu
168387,neg
168388,neu
168389,neg
168390,neg
168391,neg
168392,neg
168393,neg
168394,pos
168395,pos
168396,neg
168397,neu
168398,neg
168399,pos
168400,pos
168401,neg
168402,neu
168403,pos
168404,neg
168405,neg
168406,pos
168407,neg
168408,neg
168409,neg
168410,neg
168411,pos
168412,neg
168413,neg
168414,neu
168415,neg
168416,pos
168417,pos
168418,neg
168419,neg
168420,neu
168421,neg
168422,pos
168423,pos
168424,neg
168425,pos
168426,neg
168427,neg
168428,neg
168430,neg
168431,neu
168432,neu
168433,neu
168434,neg
168435,pos
168436,neg
168437,pos
168438,neg
168439,neg
168440,neu
168441,neu
168442,neg
168443,neg
168444,neg
168445,pos
168446,pos
168447,pos
168448,neg
168449,neu
168450,neg
168451,pos
168452,pos
168453,neg
168454,pos
168455,pos
168456,neg
168457,neg
168458,neu
168459,neg
168460,neg
168461,neg
168462,neu
168463,neg
168464,pos
168465,neu
168466,neg
168467,neg
168468,pos
168469,pos
168470,neg
168471,neg
168472,pos
168473,neg
168474,neg
168475,pos
168476,neu
168477,neg
168478,neu
168479,neg
168480,pos
168481,neg
168482,neu
168483,pos
168484,neg
168485,neg
168486,neg
168487,neu
168488,neu
168489,neg
168490,pos
168491,neu
168492,neg
168493,pos
168494,pos
168495,neg
168496,neg
168497,neg
168498,neg
168499,neg
168500,neg
168501,neg
168502,neg
168503,neg
168504,pos
168505,pos
168506,neg
168507,neg
168508,neg
168509,neg
168510,neu
168511,pos
168512,neg
168513,neg
168514,neg
168515,neu
168516,neg
168517,neg
168518,neu
168519,neg
168520,pos
168521,neu
168522,pos
168523,neg
168524,neg
168525,pos
168526,pos
168527,pos
168528,neg
168529,pos
168530,pos
168531,pos
168532,pos
168533,neu
168534,neg
168535,neu
168536,pos
168537,neg
168538,pos
168539,neg
168540,neg
168541,neg
168542,neu
168543,neg
168544,neu
168545,pos
168546,pos
168547,neu
168548,neg
168549,neg
168550,pos
168551,neg
168552,pos
168553,neu
168554,neu
168555,pos
168556,neg
168557,pos
168558,neg
168559,pos
168560,pos
168561,neg
168562,neg
168563,neg
168564,neg
168565,neu
168566,pos
168567,neg
168568,neg
168569,pos
168570,pos
168571,neg
168572,neu
168573,neu
168574,pos
168575,pos
168576,neu
168577,neg
168578,pos
168579,neu
168580,pos
168581,pos
168582,neu
168583,neu
168584,neu
168585,pos
168586,neg
168587,neg
168588,neg
168589,neg
168590,neg
168591,pos
168592,neg
168593,neg
168594,neg
168595,neg
168596,pos
168597,neg
168598,neg
168599,neu
168600,neg
168601,pos
168602,pos
168603,pos
168604,neg
168605,neg
168606,pos
168607,neu
168608,neu
168609,pos
168610,neu
168611,neg
168612,neu
168613,neg
168614,neg
168615,neg
168616,neg
168617,neu
168618,pos
168619,neg
168620,neg
168621,neu
168622,neu
168623,pos
168624,neu
168625,neu
168626,neg
168627,neu
168628,neu
168629,pos
168630,pos
168631,neu
168632,pos
168633,pos
168634,neu
168635,neg
168636,neg
168637,pos
168638,pos
168639,neg
168640,pos
168641,neg
168642,neu
168643,neg
168644,pos
168645,pos
168646,neg
168647,neu
168648,neg
168649,neg
168650,pos
168651,pos
168652,neg
168653,neg
168654,neg
168655,neu
168656,neu
168657,pos
168658,neg
168659,pos
168660,neu
168661,neg
168662,neg
168663,neu
168664,neg
168665,pos
168666,neu
168667,neu
168668,neg
168669,pos
168670,pos
168671,pos
168672,neg
168673,pos
168674,pos
168675,pos
168676,neu
168677,neg
168678,neg
168679,neg
168680,pos
168681,pos
168682,neg
168683,neg
168684,neu
168685,pos
168686,pos
168687,neg
168688,neu
168689,neg
168690,neg
168691,pos
168692,neu
168693,neg
168694,neu
168695,pos
168696,neg
168697,pos
168698,neg
168699,pos
168700,neg
168701,neu
168702,pos
168703,neg
168704,pos
168705,neu
168706,neu
168707,pos
168708,neg
168709,neg
168710,neg
168711,neu
168712,neu
168713,neu
168714,pos
168715,pos
168716,pos
168717,pos
168718,neg
168719,neg
168720,pos
168721,neg
168722,neg
168723,pos
168724,neu
168725,pos
168726,neu
168727,pos
168728,neg
168729,neg
168730,neu
168731,neg
168732,neg
168733,neg
168734,neg
168735,neg
168736,pos
168737,pos
168738,pos
168739,pos
168740,neg
168741,neg
168742,neu
168743,pos
168744,neg
168745,neu
168746,neg
168747,neg
168748,pos
168749,neg
168750,neg
168751,neg
168752,neg
168753,pos
168754,neg
168755,pos
168756,neg
168757,neg
168758,neu
168759,neg
168760,pos
168761,pos
168762,neg
168763,neg
168764,neg
168765,neg
168766,pos
168767,neg
168768,neu
168769,pos
168770,neu
168771,pos
168772,neg
168773,pos
168774,neg
168775,neg
168776,pos
168777,neu
168778,pos
168779,neg
168780,neg
168781,neg
168782,pos
168783,neg
168784,pos
168785,neu
168786,neg
168787,neg
168788,neg
168789,neg
168790,neg
168791,neg
168792,neg
168793,pos
168794,neg
168795,pos
168796,neg
168797,neg
168798,neg
168799,pos
168800,pos
168801,pos
168802,neg
168803,neg
168804,neg
168805,neg
168806,neg
168807,neg
168808,pos
168809,neg
168810,pos
168811,neu
168812,neu
168813,neu
168814,pos
168815,neg
168816,neg
168817,neu
168818,pos
168819,neg
168820,neu
168821,neg
168822,neg
168823,pos
168824,neg
168825,neg
168826,neg
168827,neu
168828,neg
168829,neu
168830,neu
168831,neu
168832,neg
168833,pos
168834,neg
168835,neg
168836,pos
168837,pos
168838,neg
168839,pos
168840,neg
168841,neu
168842,pos
168843,neg
168844,neu
168845,neg
168846,neu
168847,pos
168848,neg
168849,neg
168850,pos
168851,pos
168852,pos
168853,neg
168854,neu
168855,pos
168856,neg
168857,neu
168858,neg
168859,pos
168860,neg
168861,neg
168862,neu
168863,pos
168864,pos
168865,neg
168866,neg
168867,pos
168868,neu
168869,neg
168870,pos
168871,pos
168872,neu
168873,neg
168874,neg
168875,pos
168876,neg
168877,neu
168878,neu
168879,neg
168880,neg
168881,neu
168882,pos
168883,neu
168884,neg
168885,neg
168886,neg
168887,pos
168888,neg
168889,neg
168890,neg
168891,neu
168892,pos
168893,pos
168894,neu
168895,pos
168896,neg
168897,neu
168898,pos
168899,neg
168900,neu
168901,pos
168902,neg
168903,neg
168904,neg
168905,pos
168906,pos
168907,neg
168908,pos
168909,neg
168910,pos
168911,pos
168912,neg
168913,pos
168914,pos
168915,neg
168916,pos
168917,neg
168918,pos
168919,pos
168920,pos
168921,pos
168922,pos
168923,neg
168924,neg
168925,neg
168926,neg
168927,pos
168928,pos
168929,pos
168930,neu
168931,neg
168932,neu
168933,pos
168934,neu
168935,pos
168936,neg
168937,neg
168938,neg
168939,neu
168940,neu
168941,neg
168942,neg
168943,neg
168944,neg
168945,neu
168947,neg
168948,pos
168949,neg
168950,neu
168951,pos
168952,neg
168953,neu
168954,neg
168955,neg
168956,neg
168957,pos
168958,pos
168959,neu
168960,pos
168961,neg
168962,neu
168963,neg
168964,pos
168965,neu
168966,neg
168967,neg
168968,neg
168969,neu
168970,pos
168971,pos
168972,pos
168973,neu
168974,neg
168975,pos
168976,neg
168977,neu
168978,neg
168979,neg
168980,pos
168981,neg
168982,neu
168983,neg
168984,neg
168985,neg
168986,neg
168987,pos
168988,neu
168989,neg
168990,neu
168991,pos
168992,neg
168993,pos
168994,pos
168995,pos
168996,neg
168997,pos
168998,pos
168999,neg
169001,neg
169002,pos
169003,neu
169004,pos
169005,neg
169006,neu
169007,neg
169008,neg
169009,neg
169010,neu
169011,neg
169012,pos
169013,pos
169014,neu
169015,pos
169016,pos
169017,neg
169018,neg
169019,neg
169020,neg
169021,pos
169022,neg
169023,neu
169024,pos
169025,neg
169026,neg
169027,neg
169028,neg
169029,neg
169030,neu
169031,neg
169032,neg
169033,neg
169034,neg
169035,pos
169036,pos
169037,neg
169038,pos
169039,neg
169040,pos
169041,neg
169042,neg
169043,neg
169044,pos
169045,neg
169046,neg
169047,pos
169048,neu
169049,neg
169050,neg
169051,neg
169052,neg
169053,neg
169054,pos
169055,neg
169056,neg
169057,neg
169058,neu
169059,pos
169060,neg
169061,pos
169062,pos
169063,pos
169064,pos
169065,neu
169066,neg
169067,neu
169068,neg
169069,neu
169070,neg
169071,neg
169072,neu
169073,pos
169074,pos
169075,pos
169076,pos
169077,neu
169078,neg
169079,neg
169080,neu
169081,neg
169082,neu
169083,neg
169084,neu
169085,neu
169086,neg
169087,pos
169088,neg
169089,neg
169090,neg
169091,neg
169092,pos
169093,neg
169094,pos
169095,neg
169096,neg
169097,pos
169098,pos
169099,neg
169100,pos
169101,neg
169102,pos
169103,pos
169104,neg
169105,neu
169106,neg
169107,neg
169108,neg
169109,neg
169110,neg
169111,pos
169112,neg
169113,pos
169114,neu
169115,neg
169116,neg
169117,neu
169118,neg
169119,neg
169120,neu
169121,neu
169122,neu
169123,neg
169124,neg
169125,pos
169126,pos
169127,pos
169128,neu
169129,neg
169130,neg
169131,pos
169132,neg
169133,pos
169134,neu
169135,neg
169136,pos
169137,pos
169138,neg
169139,neg
169140,neu
169141,pos
169142,neg
169143,neg
169144,neg
169145,neu
169146,neg
169147,pos
169148,neg
169149,neu
169150,neg
169151,pos
169152,neg
169153,neg
169154,neg
169155,neu
169156,neg
169157,neu
169158,neu
169159,pos
169160,pos
169161,pos
169162,neu
169163,pos
169164,neg
169165,pos
169166,neg
169167,pos
169168,neg
169169,neg
169170,neg
169171,neg
169172,neu
169173,neu
169174,pos
169175,neg
169176,pos
169177,pos
169178,neg
169179,pos
169180,neg
169181,pos
169182,neg
169183,neg
169184,pos
169185,neu
169186,pos
169187,neg
169188,neg
169189,neg
169190,neg
169191,pos
169192,neg
169193,neg
169194,neu
169195,neg
169196,neg
169197,neg
169198,neg
169199,pos
169200,neg
169201,pos
169202,neg
169203,pos
169204,neg
169205,neg
169206,neg
169207,pos
169208,pos
169209,neg
169210,neg
169211,pos
169212,neg
169213,neg
169214,pos
169215,neg
169216,pos
169217,neu
169218,neu
169219,pos
169220,pos
169221,neg
169222,neu
169223,neg
169224,neg
169225,pos
169226,pos
169227,neg
169228,neu
169229,neu
169230,neg
169231,neu
169232,neg
169233,neg
169234,neg
169235,pos
169236,neg
169237,pos
169238,neg
169239,neg
169240,pos
169241,neu
169242,neg
169243,neg
169244,neg
169245,pos
169246,neg
169247,neg
169248,neg
169249,neg
169250,pos
169251,neu
169252,neu
169253,neu
169254,pos
169255,neg
169256,neu
169257,neu
169258,neu
169259,neg
169260,neg
169261,neg
169262,neg
169263,neu
169264,pos
169265,pos
169266,neg
169267,neg
169268,neg
169269,neg
169270,neg
169271,neg
169272,neu
169273,pos
169274,pos
169275,neg
169276,neg
169277,neg
169278,neg
169279,neg
169280,neu
169281,neu
169282,neu
169283,neg
169284,neg
169285,neg
169286,neg
169287,neg
169288,neg
169289,pos
169290,neu
169291,pos
169292,pos
169293,neg
169294,neg
169295,neg
169296,neu
169297,neu
169298,neu
169299,neu
169300,neu
169301,neg
169302,neg
169303,pos
169304,neg
169305,neg
169306,pos
169307,neg
169308,neg
169309,neg
169310,neg
169311,neg
169312,neg
169313,neg
169314,neg
169315,neg
169316,pos
169317,neg
169318,neg
169319,pos
169320,neg
169321,neu
169322,neg
169323,neg
169324,neg
169325,neg
169326,neg
169327,neu
169328,neg
169329,neu
169330,pos
169331,neu
169332,neg
169333,pos
169334,neu
169335,neu
169336,pos
169337,neg
169338,neg
169339,neu
169340,neg
169341,pos
169342,pos
169343,neg
169344,neg
169345,pos
169346,neu
169347,neg
169348,pos
169349,neu
169350,neg
169351,neg
169352,neg
169353,neu
169354,neg
169355,neg
169356,neg
169357,pos
169358,neg
169360,neg
169361,neg
169362,neg
169363,pos
169364,neg
169365,neg
169366,pos
169367,pos
169368,neg
169369,neg
169370,pos
169371,neg
169372,neg
169373,pos
169374,pos
169375,pos
169376,neg
169377,neg
169378,neu
169379,neg
169380,pos
169381,pos
169382,neg
169383,pos
169384,neg
169385,neu
169386,neg
169387,neu
169388,neg
169389,neu
169390,pos
169391,neu
169392,neg
169393,neg
169394,neu
169395,neg
169396,pos
169397,pos
169398,neu
169399,neg
169400,neg
169401,neg
169402,neg
169403,neu
169404,neu
169405,pos
169406,pos
169407,neg
169408,neg
169409,neg
169410,neu
169411,pos
169412,neu
169413,neg
169414,pos
169415,neg
169416,neg
169417,neg
169418,neu
169419,neg
169420,neg
169421,neu
169422,neg
169423,neu
169424,neg
169425,pos
169426,neg
169427,pos
169428,neg
169429,neg
169430,pos
169431,neg
169432,pos
169433,neu
169434,neg
169435,neg
169436,pos
169437,neg
169438,neg
169439,neu
169440,neg
169441,pos
169442,pos
169443,neu
169444,neg
169445,pos
169446,neg
169447,pos
169448,pos
169449,pos
169450,pos
169451,neg
169452,pos
169453,neg
169454,neu
169455,pos
169456,neu
169457,neg
169458,neu
169459,neg
169460,neg
169461,neg
169462,pos
169463,neg
169464,neu
169465,neg
169466,pos
169467,pos
169468,neg
169469,neg
169470,neg
169471,pos
169472,neu
169473,pos
169474,neg
169475,neu
169476,neg
169477,neg
169478,neg
169479,pos
169480,neg
169481,pos
169482,neu
169483,neg
169484,neg
169485,pos
169486,neu
169487,neg
169488,neu
169489,neu
169490,pos
169491,pos
169492,neg
169493,pos
169494,neg
169495,pos
169496,neg
169497,pos
169498,neg
169499,pos
169500,pos
169501,neg
169502,neg
169503,pos
169504,neu
169505,neu
169506,neg
169507,pos
169508,neu
169509,pos
169510,neg
169511,pos
169512,neg
169513,pos
169514,neu
169515,neg
169516,pos
169517,neu
169518,pos
169519,neg
169520,neu
169521,pos
169522,pos
169523,pos
169524,neg
169525,neg
169526,neg
169527,pos
169528,neu
169529,neg
169530,neg
169531,neu
169532,neg
169533,neu
169534,neg
169535,neg
169536,neg
169537,neg
169538,pos
169539,neu
169540,neg
169541,pos
169542,pos
169543,neu
169544,neg
169545,neg
169546,neg
169547,pos
169548,neg
169549,neg
169550,pos
169551,neg
169552,neg
169553,neu
169554,neu
169555,neu
169556,pos
169557,neg
169558,neg
169559,neg
169560,neg
169561,neg
169562,neu
169563,neg
169564,pos
169565,pos
169566,pos
169567,neu
169568,neg
169569,pos
169570,neg
169571,pos
169572,neg
169573,neg
169574,pos
169575,pos
169576,pos
169577,neg
169578,neu
169579,neg
169580,neg
169581,pos
169582,pos
169583,neg
169584,pos
169585,neu
169586,pos
169587,pos
169588,pos
169589,pos
169590,neu
169591,neg
169592,neg
169593,neu
169594,neu
169595,neg
169596,neu
169597,pos
169598,pos
169599,pos
169600,neg
169601,neg
169602,neg
169603,neu
169604,pos
169605,neg
169606,pos
169607,pos
169608,pos
169609,neg
169610,neg
169611,pos
169612,neg
169613,neg
169614,neg
169615,neg
169616,neg
169617,neg
169618,neg
169619,neg
169620,neg
169621,neg
169622,pos
169623,neg
169624,neg
169625,neg
169626,neu
169627,pos
169628,pos
169629,pos
169630,neg
169631,neg
169632,pos
169633,neg
169634,pos
169635,pos
169636,neg
169637,neg
169638,pos
169639,neu
169640,neg
169641,pos
169642,neu
169643,neu
169644,pos
169645,neg
169646,pos
169647,neg
169648,neu
169649,neg
169650,pos
169651,neu
169652,pos
169653,neg
169654,pos
169655,neg
169656,neu
169657,neg
169658,neg
169659,neg
169660,neg
169661,neg
169662,neu
169663,neu
169664,neg
169665,pos
169666,neg
169667,pos
169668,neg
169669,neg
169670,pos
169671,pos
169672,neg
169673,neg
169674,pos
169675,pos
169676,neg
169677,neg
169678,pos
169679,neu
169680,neg
169681,neg
169682,neg
169683,pos
169684,neu
169685,neu
169686,neu
169687,pos
169688,neu
169689,neu
169690,neg
169691,pos
169692,neu
169693,neg
169694,neg
169695,neu
169696,pos
169697,pos
169698,neu
169699,pos
169700,pos
169701,neu
169702,neg
169703,neu
169704,pos
169705,neg
169706,neu
169707,pos
169708,pos
169709,neu
169710,pos
169711,pos
169712,pos
169713,neg
169714,neg
169715,neu
169716,neg
169717,neu
169718,neg
169719,pos
169720,pos
169721,neu
169722,pos
169723,pos
169724,neg
169725,neu
169726,neg
169727,neg
169728,neg
169729,neu
169730,neg
169731,neu
169732,pos
169733,neu
169734,neu
169735,pos
169736,neu
169737,neg
169738,neg
169739,neu
169740,pos
169741,neg
169742,neu
169743,neg
169744,neg
169745,pos
169746,pos
169747,pos
169748,neg
169749,neu
169750,pos
169751,pos
169752,neu
169753,neg
169754,pos
169755,neu
169756,neg
169757,pos
169758,neg
169759,pos
169760,pos
169761,neg
169762,neu
169763,pos
169764,neg
169765,pos
169766,pos
169767,neg
169768,neg
169769,pos
169770,pos
169771,pos
169772,pos
169773,neu
169774,pos
169775,pos
169776,pos
169777,neu
169778,pos
169779,neg
169780,neg
169781,neg
169782,neu
169783,neg
169784,neg
169785,pos
169786,neu
169787,neg
169788,pos
169789,neu
169790,neg
169791,pos
169792,neg
169793,neu
169794,pos
169795,neu
169796,neg
169797,pos
169798,neg
169799,neu
169800,neg
169801,pos
169802,neu
169803,neg
169804,neu
169805,neg
169806,pos
169807,pos
169808,neg
169809,neg
169810,neg
169811,pos
169812,neg
169813,neg
169814,pos
169815,pos
169816,neg
169817,neg
169818,neg
169819,neg
169820,neg
169821,neg
169822,neg
169823,neu
169824,neg
169825,neu
169826,neg
169827,neg
169828,neg
169829,neu
169830,neg
169831,neg
169832,neg
169833,pos
169834,neu
169835,pos
169836,neg
169837,neg
169838,neg
169839,pos
169840,neu
169841,pos
169842,neg
169843,neg
169844,neg
169845,neg
169846,neg
169847,neu
169848,neg
169849,neu
169850,neg
169851,neg
169852,neg
169853,neu
169854,neu
169855,pos
169856,neu
169857,pos
169858,pos
169859,pos
169860,neu
169861,neg
169862,neg
169863,pos
169864,neg
169865,pos
169866,neg
169867,neu
169868,pos
169869,pos
169870,neg
169871,pos
169872,neg
169873,neu
169874,pos
169875,pos
169876,pos
169877,neg
169878,pos
169879,neg
169880,pos
169881,neg
169882,neu
169883,pos
169884,neg
169885,pos
169886,neu
169887,neg
169888,pos
169889,neg
169890,pos
169891,pos
169892,neu
169893,pos
169894,neg
169895,pos
169896,pos
169897,pos
169898,pos
169899,pos
169900,neg
169901,neu
169902,pos
169903,neg
169904,neu
169905,pos
169906,neg
169907,neg
169908,neg
169909,neg
169911,neg
169912,neg
169913,neu
169914,pos
169915,neu
169916,pos
169917,neu
169918,pos
169919,pos
169920,neg
169921,neg
169922,pos
169923,neg
169924,pos
169925,neu
169926,pos
169927,neg
169928,neg
169929,neg
169930,neu
169931,pos
169932,neg
169933,pos
169934,neg
169935,neg
169936,pos
169937,neu
169938,pos
169939,neg
169940,neg
169941,pos
169942,pos
169943,neg
169944,neg
169945,neg
169946,neg
169947,neg
169948,neu
169949,neu
169950,neg
169951,neg
169952,pos
169953,pos
169954,neg
169955,pos
169956,neu
169957,pos
169958,pos
169959,pos
169960,neg
169961,neg
169962,neu
169963,pos
169964,pos
169965,neu
169966,neg
169967,pos
169969,neg
169970,neg
169971,neg
169972,neg
169973,neu
169974,neu
169975,neg
169976,pos
169977,pos
169978,pos
169979,neg
169980,pos
169981,pos
169982,neg
169983,pos
169984,neu
169985,pos
169986,neu
169987,neu
169988,pos
169989,pos
169990,neg
169991,neu
169992,neu
169993,neg
169994,neg
169995,pos
169996,pos
169997,pos
169998,neg
169999,neu
170000,pos
170001,neg
170002,neg
170003,neu
170004,neg
170005,pos
170006,pos
170007,neu
170008,neu
170009,neu
170010,neg
170011,neu
170012,neu
170013,neg
170014,neu
170015,neg
170016,neg
170017,neg
170018,neg
170019,neg
170020,neg
170021,neu
170022,neg
170023,pos
170024,neg
170025,neg
170026,pos
170027,pos
170028,pos
170029,neg
170030,neg
170031,neg
170032,pos
170033,neg
170034,neg
170035,pos
170036,neu
170037,neg
170038,neu
170039,neg
170040,pos
170041,neu
170042,neg
170043,neg
170044,neu
170045,pos
170046,pos
170047,neg
170048,pos
170049,neg
170050,pos
170051,pos
170052,neg
170053,pos
170054,neg
170055,pos
170056,neg
170057,pos
170058,neu
170059,pos
170060,neg
170061,neg
170062,pos
170063,neu
170064,pos
170065,neg
170066,neg
170067,pos
170068,neu
170069,pos
170070,pos
170071,pos
170072,neu
170073,pos
170074,neu
170075,neu
170076,neg
170077,pos
170078,neu
170079,pos
170080,neg
170081,pos
170082,neu
170083,neg
170084,neu
170085,neg
170086,pos
170087,neg
170088,neg
170089,pos
170090,pos
170091,neg
170092,neg
170093,pos
170094,neu
170095,neg
170096,neg
170097,neg
170098,neu
170099,pos
170100,pos
170101,neg
170102,neg
170103,neg
170105,neu
170106,neg
170107,neu
170108,pos
170109,pos
170110,pos
170111,neg
170112,pos
170113,neg
170114,pos
170115,neg
170116,pos
170117,pos
170118,pos
170119,pos
170120,neu
170121,pos
170122,neu
170123,pos
170124,neg
170125,neg
170126,pos
170127,pos
170128,pos
170129,pos
170130,pos
170131,neu
170132,neg
170133,pos
170134,neg
170135,neg
170136,neg
170137,neu
170138,neg
170139,pos
170140,pos
170141,pos
170142,pos
170143,neg
170144,neg
170145,neu
170146,pos
170147,pos
170148,neg
170149,neg
170150,pos
170151,neu
170152,neg
170153,neg
170154,neg
170155,neu
170156,pos
170157,neu
170158,pos
170159,neg
170160,neg
170161,neg
170162,neg
170163,neg
170164,neu
170165,neg
170166,pos
170167,neg
170168,neg
170169,neu
170170,neg
170171,neg
170172,neg
170173,neu
170174,pos
170175,neg
170176,neu
170178,neu
170179,pos
170180,neg
170181,pos
170182,neg
170183,pos
170184,neg
170185,neu
170186,pos
170187,neu
170188,pos
170189,neu
170190,neg
170191,neu
170192,neg
170193,neu
170194,neg
170195,neg
170196,neg
170197,neg
170198,pos
170199,neu
170200,neg
170201,neu
170202,neg
170203,pos
170204,pos
170205,neg
170206,neg
170207,pos
170208,neu
170209,neg
170210,neu
170211,neg
170212,neg
170213,pos
170214,pos
170215,neu
170216,neg
170217,neg
170218,neg
170219,neg
170220,neu
170221,neg
170222,pos
170223,pos
170224,neg
170225,neg
170226,neg
170227,neu
170228,neg
170229,neg
170230,pos
170231,pos
170232,neu
170233,pos
170234,neu
170235,pos
170236,pos
170237,pos
170238,neg
170239,pos
170240,neg
170241,pos
170242,neg
170243,neu
170244,neg
170245,pos
170246,pos
170247,neg
170248,neg
170249,neg
170250,neg
170251,neg
170252,pos
170253,neu
170254,neg
170255,pos
170256,neg
170257,pos
170258,neg
170259,neg
170260,neu
170261,neg
170262,pos
170263,pos
170264,neu
170265,neg
170266,pos
170267,pos
170268,pos
170269,neg
170270,neg
170271,neg
170272,neu
170273,neg
170274,pos
170275,neg
170276,neu
170277,neg
170278,neg
170279,pos
170280,neu
170281,neg
170282,pos
170283,neg
170284,pos
170285,neg
170286,pos
170287,pos
170288,pos
170289,neu
170290,pos
170291,pos
170292,pos
170293,pos
170294,neg
170295,neg
170296,neg
170297,pos
170298,neu
170299,pos
170300,neu
170301,neg
170302,neg
170303,neu
170304,neg
170305,neu
170306,neu
170307,neg
170308,pos
170309,neg
170310,neg
170311,neg
170312,neg
170313,neg
170314,pos
170315,neg
170316,neu
170317,neu
170318,pos
170319,neg
170320,pos
170321,neu
170322,neg
170323,neu
170324,pos
170325,neg
170326,pos
170327,neu
170328,neg
170329,pos
170330,neg
170331,neg
170332,pos
170333,neu
170334,neg
170335,neg
170336,pos
170338,neu
170339,pos
170340,neu
170341,pos
170342,pos
170343,neg
170344,pos
170345,neg
170346,neg
170347,neg
170348,neg
170349,pos
170350,neu
170351,neu
170352,neg
170353,neu
170354,neu
170355,neg
170356,pos
170357,neu
170358,pos
170359,neg
170360,pos
170361,pos
170362,neg
170363,neg
170364,pos
170365,pos
170366,pos
170367,pos
170368,neg
170369,neu
170370,neu
170371,pos
170372,pos
170373,pos
170374,neg
170375,pos
170376,pos
170377,neu
170378,neg
170379,neu
170380,neu
170381,neg
170382,pos
170383,neg
170384,neu
170385,pos
170386,neg
170387,neg
170388,pos
170389,neg
170390,neu
170391,pos
170392,pos
170393,neg
170394,neg
170395,neu
170396,neg
170397,pos
170398,neu
170399,pos
170400,neg
170401,neg
170402,pos
170403,neg
170404,neg
170405,neu
170406,neg
170407,neg
170408,pos
170409,neg
170410,neu
170411,pos
170412,pos
170413,neg
170414,neg
170415,neg
170416,neg
170417,neg
170418,pos
170419,neg
170420,neu
170421,neg
170422,neg
170423,pos
170424,neg
170425,neg
170426,pos
170427,neg
170428,neu
170429,neg
170430,neu
170431,pos
170432,pos
170433,neg
170434,pos
170435,neu
170436,neg
170437,pos
170438,neg
170439,neg
170440,pos
170441,neu
170442,neg
170443,neu
170444,neg
170445,pos
170446,pos
170447,pos
170448,neg
170449,neg
170450,pos
170451,neu
170452,pos
170453,pos
170454,neu
170455,neu
170456,pos
170457,pos
170458,neg
170459,neu
170460,neg
170461,neu
170462,pos
170463,neg
170464,neu
170465,pos
170466,pos
170467,pos
170468,neg
170469,neg
170470,pos
170471,pos
170472,neg
170473,neu
170474,neg
170475,pos
170476,pos
170477,neg
170478,neg
170479,neg
170480,neg
170481,neg
170482,neg
170483,pos
170484,pos
170485,pos
170486,pos
170487,neu
170488,pos
170489,neg
170490,pos
170491,neu
170492,neg
170493,neu
170494,neg
170495,neg
170496,pos
170497,neg
170498,pos
170499,neu
170500,neg
170501,pos
170502,pos
170503,pos
170504,pos
170505,pos
170506,pos
170507,neg
170508,neg
170509,pos
170510,neg
170511,neg
170512,pos
170513,neg
170514,neg
170515,pos
170516,neg
170517,neg
170518,pos
170519,neg
170520,neg
170521,pos
170522,pos
170523,neg
170524,pos
170525,pos
170526,neg
170527,neu
170528,neu
170529,pos
170530,pos
170531,pos
170532,neg
170533,pos
170534,pos
170535,neg
170536,neu
170537,neu
170538,pos
170539,neu
170540,neg
170541,pos
170542,neg
170543,neu
170544,pos
170545,neu
170546,pos
170547,pos
170548,pos
170549,neg
170550,neu
170551,pos
170552,neu
170553,pos
170554,neg
170555,pos
170556,pos
170557,pos
170558,neg
170559,neu
170560,pos
170561,neu
170562,pos
170563,neu
170564,neu
170565,pos
170566,neg
170567,neg
170568,neg
170569,neu
170570,neu
170571,pos
170572,neu
170573,pos
170574,neg
170575,neg
170576,neg
170577,neg
170578,pos
170579,neg
170580,pos
170581,pos
170582,neg
170583,neg
170584,neg
170585,pos
170586,pos
170587,neg
170588,neg
170589,neg
170590,pos
170591,neg
170592,neu
170593,pos
170594,neg
170595,pos
170596,neg
170597,neg
170598,neu
170599,neg
170600,pos
170601,neu
170602,neg
170603,neg
170604,neg
170605,pos
170606,neu
170607,neg
170608,neg
170609,neu
170610,neg
170611,pos
170612,neu
170613,pos
170614,pos
170615,neu
170616,neg
170617,pos
170618,neg
170619,neg
170620,pos
170621,neg
170622,pos
170623,neu
170624,neg
170625,pos
170626,neu
170627,pos
170628,neg
170629,neg
170630,neg
170631,neg
170632,neu
170633,neu
170634,neg
170635,neu
170636,neg
170637,neg
170638,pos
170639,neu
170640,neu
170641,pos
170642,pos
170643,neg
170644,neg
170645,neg
170646,pos
170647,neg
170648,neu
170649,neu
170650,pos
170651,pos
170652,pos
170653,neg
170654,pos
170655,pos
170656,neu
170657,neg
170658,pos
170659,neu
170660,neu
170661,pos
170662,pos
170663,neg
170664,neu
170665,pos
170666,pos
170667,neu
170668,neg
170669,neu
170670,neg
170671,pos
170672,neg
170673,pos
170674,neu
170675,neg
170676,pos
170677,neu
170678,neg
170679,pos
170680,pos
170681,neg
170682,neu
170683,pos
170684,neg
170685,pos
170686,neg
170687,neu
170688,neu
170689,neg
170690,neg
170691,neg
170692,pos
170693,pos
170694,neg
170695,neg
170696,neg
170697,neu
170698,pos
170699,neg
170700,neg
170701,neg
170702,neg
170703,neu
170704,neg
170705,pos
170706,neu
170707,pos
170708,pos
170709,neg
170710,pos
170711,neu
170712,neg
170713,neg
170714,neu
170715,neg
170716,pos
170717,neg
170718,pos
170719,neg
170720,neg
170721,neg
170722,pos
170723,neu
170724,neu
170725,pos
170726,neg
170727,neg
170728,pos
170729,neu
170730,pos
170731,pos
170732,neg
170733,neu
170734,pos
170735,pos
170736,neg
170737,pos
170738,pos
170739,neg
170740,neg
170741,neg
170742,neg
170743,neg
170744,neg
170745,pos
170746,pos
170747,pos
170748,neg
170749,pos
170750,neu
170751,neu
170752,pos
170753,pos
170754,neg
170755,neg
170756,neu
170757,neu
170758,neg
170759,neu
170760,neg
170761,neg
170762,neg
170763,neu
170764,neg
170765,neg
170766,pos
170767,pos
170768,pos
170769,neu
170770,neu
170771,neu
170772,pos
170773,neg
170774,neg
170775,pos
170776,pos
170777,pos
170778,neu
170779,pos
170780,neu
170781,neg
170782,pos
170783,neg
170784,neu
170785,neg
170786,pos
170787,neu
170788,pos
170789,neu
170790,neg
170791,pos
170792,neg
170793,neu
170794,neg
170795,neg
170796,pos
170797,pos
170798,neg
170799,neu
170800,neg
170801,pos
170802,pos
170803,pos
170804,pos
170805,pos
170806,pos
170807,neu
170808,neg
170809,neg
170810,pos
170811,neg
170812,neu
170813,neu
170814,pos
170815,pos
170816,pos
170817,pos
170818,neg
170819,pos
170820,pos
170821,neg
170822,neg
170823,pos
170824,pos
170825,pos
170826,neg
170827,neg
170828,pos
170829,neu
170830,pos
170831,neg
170832,neg
170833,neu
170834,neg
170835,pos
170836,neu
170837,neg
170838,neu
170839,pos
170840,neu
170841,neg
170842,neu
170843,pos
170844,pos
170845,pos
170846,pos
170847,neg
170848,pos
170849,neg
170850,neg
170851,neg
170852,neg
170853,neg
170854,pos
170855,pos
170856,neg
170857,pos
170858,neu
170859,neu
170860,neu
170861,pos
170862,neu
170863,neu
170864,neg
170865,pos
170866,neg
170867,neg
170868,neg
170869,neu
170870,neg
170871,neg
170872,neg
170873,neg
170874,pos
170875,pos
170876,neu
170877,neu
170878,neg
170879,pos
170880,pos
170881,neg
170882,neg
170883,neg
170884,pos
170885,neg
170886,neu
170887,neu
170888,neg
170889,pos
170890,neu
170891,pos
170892,pos
170893,neg
170894,neg
170895,neu
170896,pos
170897,neg
170898,pos
170899,pos
170900,neu
170901,pos
170902,neg
170903,neg
170904,neu
170905,neu
170906,pos
170907,neu
170908,pos
170909,neu
170910,pos
170911,neu
170912,pos
170913,pos
170914,neg
170915,pos
170916,neu
170917,neu
170918,pos
170919,pos
170920,pos
170921,neg
170922,pos
170923,pos
170924,neu
170925,pos
170926,neu
170927,neg
170928,pos
170929,neg
170930,neg
170931,neg
170932,neg
170933,neu
170934,neu
170935,neg
170936,pos
170937,pos
170938,neg
170939,neu
170940,neg
170941,neu
170942,pos
170943,neg
170944,pos
170945,neg
170946,neu
170947,neg
170948,pos
170949,neu
170950,neg
170951,pos
170952,neg
170953,neu
170954,neu
170955,neu
170956,neu
170957,pos
170958,neu
170959,neg
170960,neu
170961,pos
170962,pos
170963,neu
170964,neg
170965,pos
170966,pos
170967,neg
170968,neg
170969,neg
170970,pos
170971,pos
170972,pos
170973,neu
170974,pos
170975,pos
170976,pos
170977,neg
170978,pos
170979,neu
170980,neg
170981,pos
170982,pos
170983,neg
170984,neu
170985,neu
170986,neu
170987,pos
170988,neg
170989,pos
170990,neg
170991,pos
170992,pos
170993,neu
170994,pos
170995,neg
170996,neu
170997,pos
170998,pos
170999,pos
171000,pos
171001,neg
171002,neu
171003,pos
171004,pos
171005,neu
171006,neg
171007,pos
171008,pos
171009,pos
171010,pos
171011,neg
171012,neg
171013,neg
171014,neg
171015,neu
171016,neg
171017,pos
171018,neg
171019,neg
171020,pos
171021,neg
171022,neg
171023,neg
171024,neg
171025,pos
171026,pos
171027,neg
171028,pos
171029,neg
171030,neg
171031,neu
171032,neg
171033,neg
171034,pos
171035,neg
171036,pos
171037,neg
171038,neg
171039,pos
171040,pos
171041,neu
171042,neg
171043,neu
171044,neu
171045,neu
171046,neu
171047,neg
171048,neg
171049,neu
171050,neg
171051,pos
171052,pos
171053,neg
171054,neg
171055,neu
171056,neu
171057,neg
171058,neu
171059,neg
171060,neg
171061,pos
171062,neg
171063,pos
171064,pos
171065,pos
171066,neg
171067,neg
171068,neg
171069,pos
171070,neu
171071,pos
171072,pos
171073,neg
171074,pos
171075,pos
171076,neg
171077,pos
171078,neg
171079,neg
171080,neg
171081,neg
171082,neu
171083,neu
171084,pos
171085,pos
171086,neu
171087,neu
171088,neg
171089,pos
171090,neu
171091,pos
171092,neg
171093,neg
171094,neg
171095,neg
171096,neg
171097,pos
171098,neg
171099,neg
171100,pos
171101,neg
171102,neg
171103,neu
171104,pos
171105,neg
171106,pos
171107,neg
171108,neg
171109,neu
171110,pos
171111,pos
171112,neg
171113,neg
171114,neg
171115,pos
171116,pos
171117,neu
171118,neg
171119,neg
171120,neu
171121,neg
171122,neg
171123,neu
171124,neu
171125,neg
171126,neg
171127,neg
171128,neg
171129,pos
171130,pos
171131,neg
171132,pos
171133,neu
171134,pos
171135,neg
171136,neu
171137,pos
171138,neg
171139,neg
171140,neu
171141,neu
171142,pos
171143,neg
171144,neg
171145,pos
171146,neg
171147,neg
171148,neg
171149,pos
171150,pos
171151,neu
171152,pos
171153,neg
171154,neg
171155,neg
171156,neg
171157,pos
171158,neu
171159,pos
171160,neg
171161,neg
171162,pos
171163,pos
171164,pos
171165,neg
171166,neg
171167,pos
171168,neg
171169,neu
171170,pos
171171,neg
171172,neg
171173,pos
171174,neu
171175,pos
171176,neu
171177,neg
171178,neu
171179,neg
171180,neg
171181,neu
171182,neg
171183,pos
171184,neu
171185,pos
171186,neg
171187,neu
171188,neg
171189,pos
171190,pos
171191,pos
171192,neg
171193,neg
171194,neu
171195,neg
171196,neg
171197,neg
171198,neg
171199,neg
171200,neg
171201,neg
171202,pos
171203,neg
171204,neg
171205,neu
171206,pos
171207,neg
171208,neg
171209,neu
171210,pos
171211,neu
171212,pos
171213,neg
171214,neg
171215,neg
171216,pos
171217,neg
171218,pos
171219,pos
171220,neg
171221,neg
171222,pos
171223,neg
171224,neg
171225,neg
171226,neg
171227,pos
171228,neu
171229,neg
171230,neg
171231,neg
171232,neu
171233,pos
171234,neu
171235,neu
171236,neu
171237,pos
171238,neg
171239,pos
171240,neg
171241,pos
171242,pos
171243,neg
171244,neg
171245,neg
171246,neg
171247,pos
171248,neg
171249,neg
171250,neu
171251,pos
171252,neu
171253,neg
171254,neg
171255,neu
171256,neu
171257,neg
171258,neg
171259,neu
171260,pos
171261,pos
171262,neg
171263,neg
171264,neg
171265,neu
171266,pos
171267,neg
171268,neg
171269,neg
171270,neu
171271,neu
171272,pos
171273,neu
171274,pos
171275,pos
171276,neu
171277,neg
171278,neu
171279,pos
171280,neg
171281,pos
171282,pos
171283,pos
171284,neg
171285,neg
171286,neg
171287,pos
171288,pos
171289,pos
171290,neu
171291,pos
171292,pos
171293,neg
171294,neg
171295,neg
171296,pos
171297,pos
171298,pos
171299,pos
171300,neg
171301,neu
171302,pos
171303,neg
171304,neg
171305,neg
171306,neg
171307,pos
171308,pos
171309,neg
171310,neg
171311,pos
171312,neg
171313,neg
171314,neg
171315,pos
171316,pos
171317,neg
171318,pos
171319,pos
171320,neg
171321,pos
171323,neu
171324,pos
171325,neg
171326,pos
171327,pos
171328,neg
171329,neu
171330,neu
171331,pos
171332,neg
171333,neg
171334,pos
171335,neg
171336,neg
171337,pos
171338,neg
171339,neg
171340,neg
171341,neu
171342,neg
171343,neu
171344,pos
171345,neg
171346,neg
171347,neg
171348,pos
171349,pos
171350,neg
171351,neu
171352,neg
171353,neg
171354,pos
171355,neg
171356,neu
171357,neg
171358,neg
171359,neg
171360,neg
171361,neu
171362,pos
171363,neg
171364,pos
171365,neg
171366,pos
171367,neg
171368,pos
171369,pos
171370,neg
171371,neu
171372,neu
171373,neg
171374,pos
171375,neg
171376,neg
171377,neu
171378,pos
171379,neu
171380,neg
171381,neg
171382,neg
171383,neg
171384,neg
171385,neu
171386,pos
171387,neg
171388,pos
171389,neu
171390,neg
171391,pos
171392,pos
171393,neu
171394,neu
171395,neg
171396,neg
171397,neg
171398,neg
171399,neg
171400,pos
171401,pos
171402,neg
171403,neg
171404,pos
171405,pos
171406,neu
171407,neg
171408,pos
171409,neg
171410,neu
171411,neg
171412,neg
171413,neg
171414,neg
171415,neg
171416,pos
171417,neg
171418,neg
171419,pos
171420,neu
171421,neg
171422,neg
171423,neg
171424,pos
171425,neg
171426,neg
171427,pos
171428,neg
171429,neu
171430,neg
171431,pos
171432,neg
171433,pos
171434,neg
171435,pos
171436,neg
171437,neu
171438,neg
171439,neg
171440,neg
171441,pos
171442,pos
171443,neg
171444,pos
171445,neu
171446,neu
171447,neg
171448,pos
171449,neu
171450,neg
171451,neg
171452,neu
171453,neu
171454,neg
171455,neg
171456,neg
171457,neu
171458,pos
171459,neu
171460,pos
171461,neg
171462,neg
171463,neg
171464,neu
171465,neg
171466,neg
171467,neu
171468,pos
171469,neu
171470,pos
171471,neg
171472,neu
171473,neg
171474,neg
171475,pos
171476,neg
171477,neg
171478,neu
171479,neg
171480,neu
171481,pos
171482,neu
171483,neu
171484,neg
171485,neg
171486,neg
171487,neg
171488,neg
171489,pos
171490,pos
171491,pos
171492,pos
171493,neg
171494,neu
171495,neu
171496,neg
171497,pos
171498,neg
171499,pos
171500,pos
171501,neg
171502,neg
171503,neg
171504,neg
171505,neg
171506,neg
171507,neu
171508,neg
171509,neg
171510,neg
171511,pos
171512,pos
171513,neg
171514,neu
171515,neg
171516,neg
171517,neg
171518,neu
171519,pos
171520,pos
171521,pos
171522,neg
171523,neg
171524,neg
171525,pos
171526,neg
171527,pos
171528,neu
171529,neg
171530,neg
171531,neu
171532,neg
171533,neu
171534,pos
171535,neg
171536,neg
171537,neu
171538,pos
171539,neu
171540,pos
171541,neu
171542,neg
171543,neg
171544,neg
171545,neu
171546,neg
171547,neg
171548,neg
171549,pos
171550,neu
171551,neu
171552,pos
171553,neg
171554,pos
171555,pos
171556,neg
171557,neg
171558,neg
171559,neg
171560,neg
171561,neg
171562,pos
171563,neg
171564,neg
171565,neg
171566,neg
171567,neg
171568,neg
171569,pos
171570,pos
171571,pos
171572,pos
171573,neg
171574,pos
171575,neg
171576,neu
171577,pos
171578,pos
171579,neg
171580,neg
171581,neg
171582,neg
171583,pos
171584,neg
171585,pos
171586,pos
171587,neu
171588,pos
171589,neg
171590,neg
171591,pos
171592,neg
171593,neu
171594,neu
171595,neu
171596,neg
171597,neg
171598,pos
171599,neg
171600,pos
171601,neu
171602,neu
171603,neg
171604,pos
171605,pos
171606,neu
171607,neu
171608,neg
171609,pos
171610,neg
171611,pos
171612,neg
171613,neg
171614,neg
171615,pos
171616,pos
171617,neg
171618,neg
171619,neu
171620,neg
171621,pos
171622,neg
171623,neg
171624,neg
171625,pos
171626,neu
171627,neu
171628,neu
171629,neg
171630,neg
171631,pos
171632,neg
171633,pos
171634,neg
171635,neg
171636,neg
171637,pos
171638,neg
171639,neg
171640,neg
171641,neg
171642,neg
171643,neg
171644,neg
171645,neg
171646,pos
171647,neg
171648,pos
171649,neg
171650,neg
171651,neg
171652,neg
171653,neg
171654,neg
171655,pos
171656,neg
171657,pos
171658,pos
171659,neg
171660,pos
171661,neg
171662,neg
171663,pos
171664,neu
171665,neg
171666,pos
171667,pos
171668,neu
171669,neg
171670,neu
171671,neg
171672,pos
171673,neg
171674,neg
171675,pos
171676,pos
171677,pos
171678,neg
171679,pos
171680,neg
171681,neg
171682,neg
171683,neg
171684,pos
171685,neu
171686,pos
171687,neg
171688,pos
171689,neg
171690,neg
171691,pos
171692,pos
171693,pos
171694,pos
171695,neg
171696,pos
171697,neg
171698,pos
171699,neg
171700,pos
171701,neu
171702,neu
171703,neu
171704,pos
171705,neu
171706,neg
171707,neg
171708,neg
171709,pos
171710,neg
171711,neg
171712,neg
171713,pos
171714,pos
171715,pos
171716,neg
171717,pos
171718,neu
171719,pos
171720,neg
171721,pos
171722,neg
171723,neu
171724,neg
171725,neu
171726,pos
171727,neg
171728,neu
171729,pos
171730,pos
171731,neu
171732,pos
171733,neu
171734,neg
171735,neg
171736,neg
171737,pos
171738,pos
171739,neg
171740,neu
171741,pos
171742,neg
171743,pos
171744,neg
171745,pos
171746,neu
171747,neg
171748,neg
171749,neg
171750,pos
171751,neg
171752,neg
171753,neg
171754,neg
171755,neg
171756,neg
171757,neg
171758,neg
171759,neg
171760,neu
171761,neg
171762,pos
171763,neg
171764,neg
171765,neu
171766,neg
171767,neg
171768,neg
171769,pos
171770,neu
171771,neg
171772,neg
171773,neu
171774,neg
171775,pos
171776,neg
171777,pos
171778,neg
171779,neg
171780,pos
171781,neg
171782,neg
171783,pos
171784,neu
171785,neg
171786,neg
171787,neg
171788,pos
171789,neg
171790,pos
171791,neg
171792,neg
171793,neu
171794,pos
171795,neg
171796,neg
171797,neg
171798,neg
171799,pos
171800,neg
171801,pos
171802,pos
171803,neg
171804,neg
171805,pos
171806,neu
171807,neu
171808,neg
171809,neg
171810,pos
171811,neg
171812,pos
171813,neu
171814,pos
171815,pos
171816,pos
171817,neu
171818,pos
171819,pos
171820,pos
171821,neg
171822,neg
171823,neg
171824,neu
171825,neg
171826,pos
171827,neg
171828,pos
171829,neu
171830,pos
171831,neg
171832,neg
171833,neg
171834,neg
171835,pos
171836,pos
171837,neg
171838,neg
171839,pos
171840,neg
171841,neu
171842,pos
171843,neu
171844,pos
171845,neg
171846,neg
171847,neg
171848,neu
171849,neu
171850,neg
171851,pos
171852,pos
171853,neu
171854,pos
171855,neu
171856,neu
171857,neg
171858,pos
171859,pos
171860,neg
171861,neg
171862,pos
171863,neg
171864,neg
171865,pos
171866,pos
171867,neu
171868,neg
171869,pos
171870,neg
171871,pos
171872,pos
171873,neu
171874,pos
171875,pos
171876,pos
171877,pos
171878,neu
171879,neg
171880,neg
171881,neu
171882,neg
171883,neu
171884,neg
171885,neg
171886,neg
171887,neg
171888,neg
171889,pos
171890,pos
171891,pos
171892,neu
171893,pos
171894,neu
171895,pos
171896,neu
171897,neg
171898,pos
171899,neu
171900,pos
171901,neg
171902,neu
171903,neg
171904,pos
171905,neg
171906,neg
171907,neg
171908,pos
171909,neu
171910,pos
171911,pos
171912,neg
171913,neg
171914,neg
171915,neg
171916,pos
171917,neu
171918,pos
171919,neg
171920,pos
171921,neu
171922,neg
171923,neu
171924,neg
171925,pos
171926,pos
171927,pos
171928,neg
171929,neu
171930,neg
171931,pos
171932,neu
171933,neg
171934,pos
171935,pos
171936,pos
171937,neg
171938,pos
171939,pos
171940,neg
171941,neg
171942,neg
171943,pos
171944,neg
171945,neg
171946,neg
171947,neg
171948,neu
171949,neu
171950,pos
171951,pos
171952,neu
171953,neg
171954,neu
171955,neu
171956,neg
171957,neg
171958,neg
171959,neu
171960,neg
171961,neg
171962,neg
171963,neu
171964,neu
171965,neg
171966,pos
171967,neg
171968,neg
171969,neg
171970,pos
171971,neu
171972,neg
171973,neu
171974,neg
171975,pos
171976,neg
171977,neg
171978,neg
171979,neg
171980,pos
171981,pos
171982,pos
171983,neu
171984,neg
171985,neg
171986,neg
171987,pos
171988,neu
171989,neu
171990,neu
171991,neg
171992,neg
171993,pos
171994,neg
171995,neg
171996,neg
171997,neg
171998,pos
171999,pos
172000,pos
172001,neu
172002,neu
172003,neg
172004,neg
172005,neu
172006,neu
172007,neg
172008,neu
172009,neg
172010,neg
172011,neg
172012,neu
172013,pos
172014,neg
172015,pos
172016,neu
172017,pos
172018,neg
172019,neu
172020,neu
172021,pos
172022,pos
172023,neg
172024,pos
172025,neu
172026,pos
172027,neg
172028,neg
172029,neg
172030,pos
172031,pos
172032,neu
172033,pos
172034,pos
172035,neg
172036,pos
172037,pos
172038,neg
172039,pos
172040,neu
172041,neg
172042,pos
172043,neg
172044,pos
172045,pos
172046,neg
172047,neg
172048,pos
172049,neg
172050,neg
172051,neg
172052,neg
172053,neg
172054,neu
172055,neg
172056,neg
172057,pos
172058,neg
172059,neu
172060,neg
172061,neu
172062,pos
172063,neg
172064,neu
172065,neg
172066,neg
172067,neg
172068,neg
172069,neg
172070,neg
172071,neu
172072,neg
172073,pos
172074,neu
172075,pos
172076,pos
172077,neg
172078,neu
172079,neg
172080,neg
172081,pos
172082,neg
172083,neg
172084,pos
172085,pos
172086,neu
172087,neu
172088,pos
172089,neu
172090,neg
172091,neg
172092,neg
172093,neg
172094,pos
172095,pos
172096,neg
172097,neg
172098,pos
172099,pos
172100,pos
172101,pos
172102,neg
172103,pos
172104,neg
172105,neu
172106,neu
172107,pos
172108,neu
172109,pos
172110,neu
172111,neu
172112,pos
172113,neg
172114,neg
172115,pos
172116,neu
172117,neg
172118,pos
172119,neg
172120,neu
172121,neu
172122,neg
172123,pos
172124,pos
172125,neg
172126,pos
172127,neu
172128,neg
172129,neg
172130,neg
172131,neg
172132,neu
172133,neg
172134,pos
172135,pos
172136,neg
172137,neu
172138,pos
172139,pos
172140,pos
172141,neu
172142,pos
172143,neg
172144,neu
172145,pos
172146,neu
172147,neg
172148,pos
172149,pos
172150,neu
172151,neg
172152,neu
172153,neg
172154,neg
172155,neg
172156,neu
172157,pos
172158,neg
172159,neu
172160,neg
172161,neu
172162,pos
172163,pos
172164,pos
172165,pos
172166,neu
172167,pos
172168,neu
172169,neg
172170,neg
172171,neg
172172,pos
172173,neg
172174,neg
172175,neg
172176,pos
172177,neu
172178,neg
172179,neg
172180,neg
172181,neg
172182,neg
172183,neg
172184,neg
172185,neg
172186,pos
172187,neg
172188,neu
172189,neg
172190,neg
172191,neg
172192,neg
172193,neg
172194,neg
172195,neu
172196,neu
172197,pos
172198,pos
172199,pos
172200,neu
172201,neg
172202,neg
172203,neu
172204,pos
172205,pos
172206,neu
172207,pos
172208,pos
172209,neg
172210,neu
172211,neg
172212,neg
172213,neg
172214,neg
172215,neu
172216,pos
172217,pos
172218,neg
172219,pos
172220,neg
172221,neu
172222,neg
172223,neu
172224,neu
172225,pos
172226,neg
172227,neg
172228,pos
172229,neu
172230,neu
172231,neg
172232,neg
172233,neg
172234,neg
172235,neg
172236,neg
172237,pos
172238,neu
172239,neu
172240,neu
172241,neg
172242,pos
172243,neg
172244,neg
172245,pos
172246,pos
172247,pos
172248,pos
172249,neg
172250,neg
172251,neg
172252,neg
172253,neg
172254,neg
172255,neg
172256,neg
172257,pos
172258,pos
172259,neg
172260,neg
172261,pos
172262,pos
172263,pos
172264,neu
172265,neg
172266,neu
172267,neg
172268,neg
172269,neu
172270,neu
172271,neu
172272,neg
172273,neu
172274,neg
172275,neg
172276,neu
172277,pos
172278,neu
172279,neg
172280,pos
172281,neg
172282,neg
172283,pos
172284,neg
172285,pos
172286,neg
172287,pos
172288,neg
172289,neg
172290,neu
172291,neg
172292,neg
172293,neg
172294,neg
172295,pos
172296,pos
172297,neg
172298,pos
172299,pos
172300,pos
172301,pos
172302,neg
172303,neg
172304,neg
172305,neg
172306,pos
172307,neg
172308,neu
172309,neg
172310,neu
172311,neu
172312,neu
172313,neg
172314,pos
172315,pos
172316,pos
172317,neg
172318,pos
172319,pos
172320,neu
172321,pos
172322,neu
172323,pos
172324,neg
172325,pos
172326,pos
172327,pos
172328,neg
172329,neu
172330,neu
172331,neu
172332,neu
172333,neg
172334,neg
172335,neg
172336,neg
172337,neu
172338,neu
172339,pos
172340,neg
172341,neg
172342,pos
172343,pos
172344,neg
172345,neu
172346,neg
172347,neg
172348,neg
172349,neg
172350,pos
172351,neg
172352,neg
172353,pos
172354,pos
172355,neg
172356,pos
172357,neg
172358,pos
172359,neg
172360,neg
172361,neg
172362,neg
172363,neu
172364,neu
172365,neu
172366,neu
172367,pos
172368,neg
172369,neg
172370,pos
172371,neu
172372,neu
172373,pos
172374,neg
172375,pos
172376,neg
172377,pos
172378,pos
172379,neu
172380,pos
172381,neg
172382,neg
172383,neu
172384,neu
172385,neg
172386,neg
172387,neg
172388,neg
172389,neg
172390,neg
172391,pos
172392,neu
172393,neu
172394,pos
172395,pos
172396,neu
172397,pos
172398,neg
172399,neg
172400,neg
172401,neg
172402,neg
172403,neg
172404,neg
172405,neg
172406,neg
172407,pos
172408,neu
172409,pos
172410,neg
172411,neg
172412,neu
172413,neu
172414,neu
172415,neg
172416,neg
172417,neg
172418,neu
172419,neg
172420,neg
172421,neg
172422,neg
172423,neg
172424,neg
172425,neg
172426,neg
172427,neg
172428,neg
172429,pos
172430,neu
172431,pos
172432,neg
172433,neu
172434,neu
172435,neu
172436,neu
172437,pos
172438,neg
172439,neg
172441,pos
172442,neg
172443,pos
172444,pos
172445,pos
172446,neu
172447,neg
172448,neg
172449,pos
172450,pos
172451,pos
172452,neu
172453,pos
172454,neg
172455,pos
172456,neg
172457,neg
172458,neg
172459,neu
172460,pos
172461,pos
172462,pos
172463,pos
172464,neu
172465,neg
172466,pos
172467,pos
172468,neg
172469,neg
172470,neg
172471,neu
172472,neu
172473,neg
172474,neg
172475,neg
172476,pos
172477,pos
172478,pos
172479,neu
172480,pos
172481,neg
172482,neg
172483,pos
172484,neu
172485,pos
172486,neg
172487,neg
172488,neg
172489,pos
172490,neg
172491,neu
172492,pos
172493,pos
172494,pos
172495,neg
172496,neg
172497,neu
172498,pos
172499,pos
172500,neg
172501,neg
172502,pos
172503,neg
172504,neg
172505,pos
172506,neu
172507,neg
172508,neu
172509,pos
172510,pos
172511,pos
172512,pos
172513,pos
172514,neu
172515,neu
172516,neu
172517,neg
172518,pos
172519,neg
172520,neg
172521,neu
172522,neu
172523,neg
172524,neg
172525,neu
172526,neu
172527,pos
172528,neg
172529,pos
172530,neg
172531,neg
172532,neg
172533,neg
172534,pos
172535,neg
172536,neg
172537,neu
172538,pos
172539,pos
172540,pos
172541,neu
172542,pos
172543,neg
172544,neu
172545,neg
172546,neg
172547,neg
172548,neu
172549,neg
172550,neg
172551,pos
172552,neg
172553,neg
172554,neg
172555,neg
172556,neg
172557,pos
172558,neg
172559,pos
172560,neg
172561,neg
172562,neu
172563,pos
172564,neu
172565,pos
172566,neg
172567,neg
172568,neg
172569,pos
172570,neu
172571,neg
172572,pos
172573,pos
172574,neg
172575,pos
172576,neu
172577,pos
172578,neg
172579,pos
172580,neg
172581,neu
172582,neg
172583,neu
172584,neg
172585,pos
172586,neu
172587,neu
172588,pos
172589,pos
172590,neg
172591,pos
172592,neg
172593,pos
172594,neu
172595,neg
172596,neu
172597,neg
172598,pos
172599,neu
172600,neu
172601,neg
172602,pos
172603,neg
172604,neg
172605,pos
172606,pos
172607,neu
172608,neg
172609,neg
172610,neg
172611,neg
172612,neu
172613,pos
172614,neu
172615,neu
172616,neu
172617,neg
172618,pos
172619,pos
172620,neg
172621,neg
172622,pos
172623,neg
172624,neg
172625,neg
172626,neu
172627,neg
172628,neg
172629,neu
172630,pos
172631,pos
172632,neg
172633,neg
172634,neg
172635,neg
172636,neg
172637,pos
172638,neg
172639,neg
172640,neu
172641,neg
172642,neu
172643,neg
172644,neg
172645,neg
172646,neg
172647,pos
172648,neg
172649,pos
172650,neg
172651,neg
172652,pos
172653,pos
172654,pos
172655,neg
172656,pos
172657,neg
172658,neg
172659,pos
172660,neg
172661,neu
172662,pos
172663,pos
172664,pos
172665,pos
172666,pos
172667,neu
172668,neg
172669,pos
172670,neu
172671,pos
172672,neg
172673,pos
172674,neu
172675,pos
172676,pos
172677,pos
172678,pos
172679,neu
172680,neg
172681,pos
172682,neg
172683,neg
172684,neg
172685,neg
172686,neu
172687,neg
172688,neg
172689,neg
172690,neu
172691,neg
172692,neu
172693,neu
172694,neg
172695,neu
172696,neg
172697,neg
172698,neu
172699,pos
172700,neg
172701,neg
172702,neu
172703,neg
172704,neg
172705,neu
172706,neg
172707,neg
172708,pos
172709,neu
172710,neg
172711,neg
172712,neg
172713,neg
172714,neg
172715,pos
172716,neu
172717,neg
172718,pos
172719,neg
172720,pos
172721,neu
172722,neg
172723,pos
172724,pos
172725,neg
172726,neu
172727,neg
172728,neg
172729,neg
172730,neg
172731,neu
172732,neg
172733,pos
172734,neu
172735,pos
172736,pos
172737,pos
172738,neg
172739,neu
172740,neg
172741,pos
172742,neu
172743,neg
172744,neu
172745,neg
172746,neg
172747,neu
172748,pos
172749,neg
172750,pos
172751,neg
172752,pos
172753,neu
172754,neg
172755,pos
172756,pos
172757,neg
172758,pos
172759,neg
172760,neg
172761,neg
172762,neu
172763,neu
172764,pos
172765,neg
172766,neg
172767,pos
172768,neg
172769,neu
172770,neg
172771,neg
172772,pos
172773,pos
172774,neu
172775,neu
172776,pos
172777,neg
172778,neg
172779,pos
172780,pos
172781,pos
172782,neu
172783,neu
172784,neg
172785,neg
172786,pos
172787,pos
172788,pos
172789,neu
172790,pos
172791,neg
172792,pos
172793,pos
172794,neg
172795,neg
172796,neg
172797,neg
172798,pos
172799,pos
172800,pos
172801,neu
172802,pos
172803,neu
172804,neg
172805,pos
172806,neu
172807,neu
172808,pos
172809,neg
172810,neg
172811,neg
172812,pos
172813,pos
172814,pos
172815,neu
172816,neg
172817,neg
172818,neg
172819,neu
172820,pos
172821,pos
172822,pos
172823,neu
172824,pos
172825,neg
172826,pos
172827,neg
172828,neg
172829,pos
172830,neu
172831,pos
172832,neu
172833,neg
172834,neu
172835,neg
172836,neg
172837,pos
172838,neu
172840,pos
172841,pos
172842,neg
172843,pos
172844,neg
172845,neg
172846,neg
172847,neg
172848,neg
172849,neg
172850,pos
172851,neg
172852,neg
172853,neg
172854,neg
172855,neg
172856,pos
172857,neg
172858,neg
172859,pos
172860,pos
172861,neg
172862,pos
172863,neg
172864,neg
172865,neg
172866,pos
172867,neg
172868,neg
172869,neg
172870,neg
172871,pos
172872,neg
172873,pos
172874,pos
172875,neg
172876,neu
172877,neg
172878,neg
172879,pos
172880,neg
172881,pos
172882,neg
172883,neg
172884,neu
172885,neu
172886,pos
172887,neg
172888,pos
172889,neu
172890,pos
172891,pos
172892,neg
172893,neg
172894,neg
172895,neg
172896,neg
172897,neu
172898,neu
172899,neg
172900,neu
172901,neu
172902,neu
172903,neg
172904,neg
172905,pos
172906,neg
172907,neg
172908,pos
172909,pos
172910,neg
172911,neu
172912,pos
172913,pos
172914,neu
172915,neu
172916,neg
172917,neg
172918,neg
172919,pos
172920,neg
172921,neg
172922,neu
172923,pos
172924,neg
172925,pos
172926,pos
172927,neg
172928,neg
172929,neg
172930,neg
172931,neg
172932,neg
172933,neg
172934,neu
172935,pos
172936,pos
172937,pos
172938,pos
172939,neu
172940,neg
172941,neu
172942,neg
172943,neg
172944,neg
172945,pos
172946,neg
172947,neg
172948,pos
172949,neu
172950,neg
172951,neg
172952,pos
172953,neu
172954,neu
172955,pos
172956,pos
172957,neg
172958,neg
172959,pos
172960,pos
172961,pos
172962,neg
172963,neg
172964,neu
172965,neu
172966,neg
172967,neg
172968,pos
172969,neg
172970,pos
172971,neu
172972,neu
172973,neg
172974,pos
172975,neg
172976,neg
172977,neg
172978,pos
172979,neg
172980,neg
172981,neu
172982,pos
172983,pos
172984,neg
172985,neg
172986,pos
172987,pos
172988,neg
172989,neg
172990,pos
172991,neu
172992,neu
172993,pos
172994,neg
172995,neg
172996,neg
172997,neu
172998,pos
172999,neg
173000,neg
173001,neu
173002,pos
173003,neu
173004,neg
173005,pos
173006,neg
173007,neu
173008,pos
173009,neg
173010,neg
173011,neg
173012,neg
173013,pos
173014,pos
173015,pos
173016,neg
173017,neg
173018,neg
173019,neu
173020,pos
173021,neg
173022,pos
173023,pos
173024,pos
173025,neg
173026,neg
173027,neg
173028,neg
173029,pos
173030,neg
173031,pos
173032,neg
173033,neg
173034,neg
173035,pos
173036,neu
173037,neg
173038,pos
173040,pos
173041,pos
173042,neg
173043,neg
173044,neu
173045,pos
173046,neu
173047,neg
173048,neu
173049,neg
173050,pos
173051,neu
173052,neu
173053,neg
173054,neg
173055,pos
173056,neu
173057,neg
173058,neg
173059,neu
173060,pos
173061,neu
173062,pos
173063,neu
173064,neg
173065,pos
173066,neg
173067,pos
173068,neg
173069,neg
173070,pos
173071,pos
173072,neg
173073,neu
173074,neg
173075,pos
173076,neg
173077,pos
173078,neu
173079,neu
173080,neg
173081,neu
173082,pos
173083,neg
173084,pos
173085,neg
173086,pos
173087,neg
173088,neg
173089,neg
173090,pos
173091,pos
173092,pos
173093,neg
173094,neg
173095,neu
173096,neg
173097,pos
173098,neg
173099,pos
173100,pos
173101,pos
173102,neg
173103,neg
173104,neg
173105,pos
173106,neg
173107,neg
173108,neu
173109,pos
173110,neg
173111,neu
173112,neg
173113,neg
173114,pos
173115,pos
173116,neg
173117,neg
173118,pos
173119,neg
173120,pos
173121,pos
173122,pos
173123,neu
173124,pos
173125,pos
173126,neg
173127,neg
173128,neg
173129,neg
173130,pos
173131,neg
173132,neg
173133,pos
173134,neg
173135,pos
173136,pos
173137,neg
173138,pos
173139,pos
173140,pos
173141,pos
173142,neg
173143,pos
173144,neg
173145,neu
173146,neg
173147,neg
173148,pos
173149,neu
173150,neg
173151,neg
173152,pos
173153,neu
173154,neg
173155,pos
173156,pos
173157,pos
173159,neg
173160,neg
173161,pos
173162,neg
173163,neu
173164,neg
173165,neg
173166,neg
173167,neu
173168,neu
173169,neg
173170,neu
173171,pos
173172,pos
173173,neg
173174,pos
173175,neu
173176,neg
173177,pos
173178,neg
173179,neg
173180,neg
173181,neg
173182,neg
173183,pos
173184,pos
173185,neu
173186,neu
173187,neg
173188,neu
173189,neg
173190,neg
173191,pos
173192,neg
173193,neu
173194,neg
173195,neu
173196,pos
173197,neg
173198,pos
173199,pos
173200,neg
173201,neg
173202,neg
173203,pos
173204,neu
173205,neu
173206,pos
173207,neg
173208,neu
173209,pos
173210,neu
173211,neg
173212,neg
173213,pos
173214,neg
173215,pos
173216,neu
173217,pos
173218,neg
173219,neg
173220,pos
173221,neu
173222,neg
173223,neu
173224,pos
173225,pos
173226,neu
173227,pos
173228,neg
173229,neg
173230,neu
173231,neu
173232,neu
173233,neg
173234,pos
173235,neg
173236,neg
173237,neg
173238,neu
173239,neg
173240,neg
173241,neg
173242,neg
173243,neg
173244,neg
173245,neg
173246,neg
173247,neg
173248,neu
173249,pos
173250,pos
173251,neg
173252,neu
173253,neg
173254,pos
173255,neg
173256,neu
173257,pos
173258,pos
173259,neu
173260,neg
173261,neu
173262,pos
173263,neg
173264,neg
173265,neg
173266,neu
173267,neg
173268,neu
173269,neg
173270,neu
173271,neg
173272,pos
173273,neg
173274,pos
173275,pos
173276,pos
173277,neg
173278,pos
173279,neu
173280,neu
173281,pos
173282,neg
173283,neg
173284,pos
173285,neg
173286,neg
173287,neg
173288,neu
173289,neg
173290,neg
173291,neg
173292,pos
173293,neg
173294,pos
173295,neg
173296,neg
173297,neu
173298,neu
173299,neu
173300,pos
173301,neg
173302,neg
173303,neg
173304,neg
173305,pos
173306,neu
173307,neu
173308,neg
173309,neu
173310,pos
173311,pos
173312,pos
173313,neg
173314,pos
173315,neg
173316,neg
173317,neu
173318,pos
173319,neg
173320,neu
173321,pos
173322,neg
173323,neg
173324,pos
173325,pos
173326,pos
173327,neg
173328,pos
173329,neu
173330,neg
173331,neg
173332,neg
173333,neg
173334,pos
173335,neg
173336,neg
173337,neg
173338,neg
173339,neg
173340,neg
173341,pos
173342,neu
173343,neg
173344,neg
173345,neu
173346,pos
173347,pos
173348,neg
173349,pos
173350,pos
173351,neg
173352,pos
173353,pos
173354,pos
173355,neg
173356,pos
173357,neg
173358,neu
173359,neg
173360,neu
173361,pos
173362,pos
173363,neg
173364,neu
173365,neg
173366,neg
173367,neg
173368,pos
173369,neu
173370,neg
173371,neg
173372,neg
173373,neg
173374,pos
173375,neg
173376,neg
173377,neg
173378,neg
173379,neu
173380,pos
173381,neg
173382,neu
173383,pos
173384,neg
173385,pos
173386,pos
173387,neg
173388,neu
173389,neg
173390,pos
173391,pos
173392,pos
173393,neg
173394,neg
173395,pos
173396,pos
173397,neg
173398,neu
173399,pos
173400,pos
173401,neg
173402,neu
173403,pos
173404,neu
173405,pos
173406,neg
173407,neg
173408,pos
173409,neg
173410,neu
173411,neg
173412,neu
173413,pos
173414,pos
173416,pos
173417,pos
173418,neu
173419,pos
173420,neg
173421,pos
173422,neg
173423,neg
173424,neu
173425,neg
173426,neu
173427,pos
173428,neg
173429,neg
173430,neg
173431,neg
173432,pos
173433,neg
173434,pos
173435,neg
173436,pos
173437,pos
173438,neg
173439,neg
173440,pos
173441,neg
173442,neg
173443,neg
173444,neg
173445,neg
173446,neg
173447,neg
173448,neg
173449,neg
173450,pos
173451,neg
173452,neu
173453,neg
173454,pos
173455,neg
173457,neg
173458,neg
173459,neg
173460,pos
173461,pos
173462,neu
173463,neg
173464,pos
173465,neu
173466,pos
173467,neg
173468,neg
173469,pos
173470,neg
173471,pos
173472,neg
173473,neg
173474,neg
173475,neu
173476,pos
173477,neg
173478,pos
173479,neg
173480,pos
173481,pos
173482,pos
173483,neu
173484,neg
173485,pos
173486,neg
173487,neu
173488,neu
173489,neg
173490,neg
173491,neg
173492,neu
173493,neg
173494,neg
173495,pos
173496,neu
173497,pos
173498,neg
173499,neg
173500,neg
173501,pos
173502,neg
173503,neu
173504,neu
173505,neg
173506,neg
173507,neu
173508,pos
173509,neu
173510,neu
173511,neg
173512,neg
173513,pos
173514,neg
173515,neg
173516,neg
173517,pos
173518,pos
173519,pos
173520,pos
173521,neu
173522,neu
173523,neg
173524,neg
173525,neg
173526,neg
173527,neg
173528,neu
173529,pos
173530,neu
173531,neg
173532,pos
173533,neu
173534,neg
173535,neg
173536,neu
173537,pos
173538,pos
173539,neg
173540,pos
173541,neg
173542,pos
173543,pos
173544,pos
173545,neu
173546,pos
173547,neg
173548,pos
173549,neg
173550,neu
173551,neg
173552,neg
173553,neu
173554,neu
173555,pos
173556,neg
173557,neg
173558,pos
173559,neg
173560,pos
173561,pos
173562,neu
173563,neg
173564,neg
173565,neg
173566,neg
173567,neu
173568,neg
173569,pos
173570,neu
173571,pos
173572,neu
173573,pos
173574,neu
173575,neu
173576,neg
173577,pos
173578,neg
173579,pos
173580,pos
173581,pos
173582,neg
173583,neg
173584,pos
173585,pos
173586,pos
173587,neu
173588,neg
173589,neg
173590,neg
173591,neg
173592,pos
173593,pos
173594,neu
173595,pos
173596,neu
173598,neg
173599,neg
173600,pos
173601,neu
173602,neu
173603,pos
173604,neg
173605,neu
173606,pos
173607,neg
173608,neg
173609,neg
173610,pos
173611,pos
173612,neg
173613,neu
173614,neu
173615,pos
173617,neg
173618,neg
173619,pos
173620,pos
173621,neu
173622,neu
173623,neg
173624,neu
173625,pos
173626,neg
173627,pos
173628,pos
173629,neu
173630,neu
173631,pos
173632,pos
173633,neg
173634,neg
173636,neg
173637,neu
173638,neg
173639,neg
173640,neg
173641,pos
173642,neu
173643,neu
173644,neg
173645,neg
173646,pos
173647,neu
173648,neu
173649,neg
173650,neu
173651,neu
173652,neg
173653,neg
173654,pos
173655,pos
173656,neg
173657,pos
173658,neu
173659,pos
173660,neu
173661,neg
173662,neg
173663,neu
173664,pos
173665,neg
173666,neu
173667,pos
173668,neg
173669,neu
173670,neg
173671,neg
173672,neg
173673,pos
173674,neu
173675,pos
173676,neu
173677,neg
173678,pos
173679,pos
173680,neg
173681,neg
173682,neg
173683,neg
173684,pos
173685,neg
173686,neu
173687,pos
173688,pos
173689,pos
173690,pos
173691,neg
173692,neg
173693,neg
173694,neg
173695,neu
173696,neg
173697,pos
173698,neu
173699,neg
173700,neg
173701,neg
173702,neu
173703,neg
173704,neg
173705,neu
173706,neg
173707,neg
173708,neg
173709,pos
173710,neg
173711,neg
173712,neg
173713,neg
173714,neg
173715,pos
173716,neu
173717,neg
173718,pos
173719,pos
173720,pos
173721,neu
173722,pos
173723,neg
173724,neu
173725,neg
173726,neg
173727,pos
173728,neu
173729,neg
173730,neg
173731,pos
173732,pos
173733,neg
173734,neu
173735,neu
173736,pos
173737,neu
173738,neg
173739,neu
173740,neg
173741,neg
173742,neu
173743,neg
173744,neu
173745,pos
173746,neg
173747,neg
173748,pos
173749,pos
173750,neg
173751,neu
173752,neu
173753,neu
173754,pos
173755,neg
173756,neg
173757,neg
173758,neg
173759,neg
173760,pos
173761,neu
173762,neg
173763,neg
173764,neu
173765,neg
173766,neg
173767,neg
173768,neg
173769,neg
173770,pos
173771,pos
173772,neg
173773,neu
173774,neu
173775,neu
173776,pos
173777,pos
173778,neu
173779,neg
173781,neg
173782,neu
173783,pos
173784,neg
173785,neg
173786,pos
173787,neg
173788,neu
173789,neu
173790,pos
173791,neg
173792,neg
173793,neu
173794,pos
173795,neg
173796,pos
173797,neg
173798,pos
173799,pos
173800,neu
173801,neg
173802,pos
173803,pos
173804,pos
173805,neg
173806,pos
173807,neg
173808,neg
173809,pos
173810,neu
173811,neu
173812,neg
173813,pos
173814,pos
173815,neg
173816,neg
173817,pos
173818,neu
173819,neg
173820,pos
173821,neg
173822,neg
173823,neg
173824,neg
173825,pos
173826,neg
173827,neg
173828,pos
173829,pos
173830,neg
173831,pos
173832,neg
173833,neg
173834,neu
173835,neg
173836,pos
173837,neg
173838,neg
173839,neg
173840,pos
173841,neg
173842,neg
173843,pos
173844,neg
173845,neg
173846,pos
173847,pos
173848,pos
173849,neu
173850,pos
173851,neu
173852,neg
173853,pos
173854,neg
173855,neu
173856,neg
173857,pos
173858,pos
173859,pos
173860,neu
173861,neu
173862,neg
173863,pos
173864,neg
173865,neg
173866,neg
173867,neg
173868,neg
173869,neg
173870,neg
173871,pos
173872,neu
173873,neu
173874,neu
173875,pos
173876,pos
173877,neu
173878,neu
173879,neg
173880,neg
173881,pos
173882,neg
173883,pos
173884,neg
173885,neg
173886,neg
173887,neg
173888,neu
173889,pos
173890,neu
173891,neg
173892,pos
173893,neu
173894,pos
173895,pos
173896,neg
173897,neg
173898,neu
173899,neg
173900,pos
173901,pos
173902,neg
173903,neu
173904,neu
173905,neg
173906,pos
173907,neg
173908,neg
173909,neu
173910,pos
173911,pos
173912,pos
173913,pos
173914,pos
173915,neg
173916,pos
173918,neg
173919,pos
173920,neg
173921,neg
173922,neg
173923,neu
173924,neu
173925,pos
173926,pos
173927,pos
173928,neg
173929,neg
173930,neg
173931,neu
173932,neg
173933,neu
173934,pos
173935,neg
173936,neu
173937,neg
173938,neg
173939,neg
173940,neg
173941,neu
173942,pos
173943,neg
173944,neg
173945,neg
173946,pos
173947,pos
173948,pos
173949,neg
173950,neg
173951,neg
173952,neg
173953,neg
173954,pos
173955,pos
173956,neu
173957,neg
173958,neu
173959,pos
173960,pos
173961,neu
173962,pos
173963,pos
173964,pos
173965,pos
173966,neg
173967,neg
173968,pos
173969,neg
173970,pos
173971,neg
173972,neg
173973,pos
173974,neu
173975,pos
173976,pos
173977,neg
173978,neg
173979,neu
173980,neu
173981,neu
173982,neg
173983,neu
173984,neu
173985,pos
173986,neg
173987,neg
173988,pos
173989,pos
173990,pos
173991,neg
173992,neu
173993,neg
173994,neg
173995,neg
173996,pos
173997,neg
173998,neg
173999,pos
174000,neg
174001,neu
174002,pos
174003,neg
174004,neu
174005,neu
174006,neu
174007,neg
174008,neg
174009,pos
174010,neg
174011,pos
174012,neu
174013,neg
174014,neu
174015,pos
174016,neg
174017,pos
174018,neg
174019,neg
174020,pos
174021,pos
174022,neg
174023,neg
174024,pos
174025,neg
174026,neu
174027,neg
174028,pos
174029,neu
174030,pos
174031,neg
174032,neg
174033,neg
174034,pos
174035,pos
174036,neg
174037,neg
174038,neg
174039,neg
174040,neg
174041,neg
174042,pos
174043,neu
174044,pos
174045,pos
174046,neu
174047,neg
174048,pos
174049,neu
174050,pos
174051,neg
174052,neg
174053,pos
174054,neg
174055,neg
174056,pos
174057,pos
174058,neu
174059,neu
174060,pos
174061,neu
174062,neg
174063,neu
174064,neg
174065,neg
174066,neg
174067,pos
174068,pos
174069,neg
174070,neg
174071,neu
174072,pos
174073,neg
174074,neu
174075,neg
174076,pos
174077,pos
174078,pos
174079,neg
174080,pos
174081,pos
174082,pos
174083,neu
174084,pos
174085,neg
174086,neu
174087,neg
174088,neg
174089,pos
174090,neu
174091,neg
174092,pos
174093,neg
174094,pos
174095,neu
174096,pos
174097,neg
174098,neu
174099,pos
174100,neu
174101,neg
174102,pos
174103,pos
174104,neg
174105,neg
174106,neg
174107,neu
174108,neu
174109,pos
174110,neu
174111,neu
174112,neg
174113,neg
174114,neg
174115,pos
174116,neg
174117,neg
174118,neu
174119,pos
174120,neg
174121,pos
174122,neg
174123,neg
174124,neu
174125,pos
174126,pos
174127,neg
174128,neg
174129,neg
174130,neg
174131,neu
174132,neu
174133,neu
174134,neg
174135,neg
174136,neg
174137,pos
174138,pos
174139,pos
174140,neu
174141,neu
174142,neg
174143,pos
174144,neg
174145,neg
174146,pos
174147,neg
174148,neu
174149,neu
174150,pos
174151,neg
174152,neu
174153,neu
174154,neg
174155,neu
174156,neg
174157,neu
174158,pos
174159,neg
174160,pos
174161,pos
174162,neg
174163,pos
174164,neg
174165,neu
174166,neg
174167,neu
174168,pos
174169,neg
174170,pos
174171,pos
174172,pos
174173,pos
174174,neg
174175,neg
174176,pos
174177,neu
174178,neg
174179,pos
174180,pos
174181,neg
174182,neg
174183,neu
174184,neg
174185,neg
174186,pos
174187,pos
174188,neg
174189,neg
174190,neg
174191,pos
174192,pos
174193,pos
174194,neg
174195,neg
174196,neu
174197,pos
174198,neu
174199,neg
174200,neu
174201,neg
174202,neg
174203,pos
174204,neu
174205,neu
174206,neu
174207,pos
174208,neu
174209,neg
174210,neg
174211,pos
174212,neu
174213,neg
174214,pos
174215,pos
174216,neg
174217,neg
174218,neg
174219,neu
174220,neg
174221,pos
174222,neu
174224,neu
174225,neu
174226,pos
174227,pos
174228,neu
174229,neg
174230,neg
174231,neg
174232,neg
174233,neu
174234,neg
174235,neg
174236,neg
174237,neg
174238,pos
174239,neg
174240,pos
174241,pos
174242,pos
174243,pos
174244,neg
174245,neg
174246,neu
174247,neg
174248,neu
174249,neg
174250,neu
174251,pos
174252,neg
174253,neg
174254,neg
174255,neu
174257,neg
174258,pos
174259,neg
174260,neg
174261,neg
174262,neg
174263,pos
174264,neg
174265,pos
174266,pos
174268,neg
174269,neg
174270,neg
174271,pos
174272,neg
174273,neg
174274,pos
174275,neu
174276,pos
174277,neg
174278,neu
174279,neu
174280,neg
174281,neg
174282,pos
174283,neg
174284,pos
174285,pos
174286,neg
174287,pos
174288,neg
174289,pos
174290,neu
174291,neu
174292,neu
174293,neg
174294,neu
174295,neg
174296,neg
174297,neg
174298,neu
174299,neg
174300,neu
174301,neu
174302,neu
174303,neg
174304,pos
174305,neg
174306,neu
174307,pos
174308,pos
174309,neg
174310,pos
174311,pos
174312,neg
174313,pos
174314,neg
174315,pos
174316,neu
174317,neg
174318,neu
174319,neg
174320,pos
174321,neu
174322,pos
174323,pos
174324,neu
174325,neg
174326,pos
174327,pos
174328,neg
174329,pos
174330,pos
174331,pos
174332,pos
174333,neu
174334,neg
174335,pos
174336,pos
174337,neg
174338,neg
174339,neu
174340,neu
174341,neu
174343,neg
174344,neg
174345,pos
174346,neg
174347,pos
174348,neu
174349,pos
174350,neg
174351,neu
174352,neu
174353,neu
174354,pos
174355,pos
174356,neu
174357,pos
174358,pos
174359,neg
174360,pos
174361,neg
174362,neg
174363,neg
174364,neg
174365,pos
174366,neg
174367,pos
174368,pos
174369,pos
174370,neg
174371,neg
174372,neg
174373,neg
174374,neg
174375,neg
174376,pos
174377,pos
174378,neu
174379,neg
174380,pos
174381,pos
174382,pos
174383,neg
174384,neg
174385,pos
174386,neg
174387,pos
174388,neg
174389,neg
174390,neu
174391,neg
174392,neg
174393,neg
174394,neu
174395,pos
174396,neg
174397,neg
174398,neg
174399,neg
174400,neu
174401,neg
174402,neg
174403,neg
174404,neg
174405,pos
174406,neg
174407,pos
174408,neg
174409,pos
174410,pos
174411,neg
174412,neu
174413,neg
174414,neg
174415,neg
174416,neg
174417,neg
174418,neu
174419,pos
174420,neg
174421,neg
174422,neu
174423,neg
174424,neg
174425,neu
174426,neg
174427,pos
174428,pos
174429,pos
174430,neg
174431,pos
174432,neu
174433,neg
174434,neu
174435,pos
174436,neu
174437,pos
174438,neu
174439,neu
174440,pos
174441,pos
174442,neg
174443,neu
174444,neu
174445,neu
174446,neu
174447,neg
174448,neg
174449,neg
174450,pos
174451,neu
174452,neu
174453,neu
174454,neg
174455,neg
174456,pos
174457,pos
174458,neg
174459,neg
174460,neg
174461,pos
174462,neg
174463,neg
174464,pos
174465,neu
174466,neg
174467,neu
174468,neu
174469,neg
174470,pos
174471,pos
174472,pos
174473,pos
174474,neg
174475,neu
174476,neg
174477,neg
174478,pos
174479,neg
174480,neg
174481,pos
174482,pos
174483,neg
174484,neg
174485,neu
174486,neg
174487,neg
174488,neg
174489,neg
174490,neg
174491,neg
174492,pos
174493,pos
174494,neu
174495,neg
174496,neg
174497,pos
174498,neg
174499,neg
174500,neg
174501,neg
174502,pos
174503,neu
174504,pos
174505,neg
174506,neg
174507,neu
174508,neg
174509,neu
174511,neg
174512,neg
174513,pos
174514,neg
174515,neg
174516,neu
174517,pos
174518,neg
174519,neg
174520,neg
174521,pos
174522,neu
174523,neg
174524,pos
174525,neg
174526,neg
174527,neg
174528,pos
174529,neg
174530,pos
174531,neu
174532,neg
174533,neg
174534,neu
174535,neu
174536,pos
174537,neu
174538,neg
174539,neu
174540,neg
174541,pos
174542,pos
174543,pos
174544,neg
174545,neg
174546,pos
174547,neg
174548,pos
174549,neg
174550,neg
174551,pos
174552,pos
174553,neg
174554,neu
174555,pos
174556,neu
174557,neg
174558,neu
174559,neg
174560,neg
174561,neg
174562,neg
174563,neg
174564,neg
174565,pos
174566,neu
174567,pos
174568,neg
174569,pos
174570,pos
174571,pos
174572,neg
174573,pos
174574,neg
174575,pos
174576,neg
174577,pos
174578,pos
174579,neg
174580,neu
174581,pos
174582,pos
174583,pos
174584,neg
174585,neu
174586,neg
174587,pos
174588,pos
174589,neu
174590,neg
174591,neg
174592,pos
174593,neu
174594,neg
174595,neu
174596,neg
174597,pos
174598,neg
174599,pos
174600,pos
174601,neg
174602,neg
174603,pos
174604,neg
174605,neu
174606,pos
174607,pos
174608,neg
174609,pos
174610,neg
174611,pos
174612,neg
174613,pos
174614,neg
174615,neg
174616,neu
174617,pos
174618,pos
174619,neu
174620,neu
174621,neu
174622,neu
174623,neg
174624,neg
174625,pos
174626,neg
174627,neu
174628,neg
174629,neg
174630,neg
174631,neg
174632,neu
174633,neg
174634,neg
174635,pos
174636,neg
174637,neu
174638,pos
174639,neu
174640,pos
174641,neu
174642,neg
174643,neg
174644,neg
174645,neg
174646,pos
174647,pos
174648,neg
174649,neg
174650,neg
174651,neg
174653,pos
174654,pos
174655,neu
174656,neu
174657,neu
174658,pos
174659,pos
174660,pos
174661,neg
174662,pos
174663,pos
174664,neg
174665,neg
174667,pos
174668,neg
174669,pos
174670,pos
174671,neg
174672,neg
174673,neu
174674,pos
174675,pos
174676,neu
174677,neg
174678,neg
174680,neg
174681,pos
174682,neu
174683,pos
174684,pos
174685,neg
174686,neg
174687,neg
174688,neg
174689,neg
174690,neg
174691,neg
174692,neg
174693,neg
174694,neu
174695,neg
174696,neg
174697,neg
174698,pos
174699,neu
174700,pos
174701,pos
174702,neg
174703,neg
174704,neg
174705,neu
174706,neg
174707,neu
174708,neg
174709,neu
174710,neg
174711,neg
174712,neu
174713,pos
174714,pos
174715,pos
174716,neu
174717,neu
174718,pos
174719,neu
174720,neg
174721,neg
174722,neg
174723,neu
174724,neg
174725,neg
174726,neg
174727,pos
174728,pos
174729,pos
174730,pos
174731,pos
174732,pos
174733,pos
174734,pos
174735,pos
174736,neg
174737,neg
174738,pos
174739,pos
174740,pos
174741,neu
174742,neg
174743,neu
174744,neg
174745,neg
174746,neg
174747,neg
174748,pos
174749,neu
174750,neg
174751,pos
174752,neg
174753,neg
174754,neg
174755,neu
174756,pos
174757,neg
174758,neg
174759,neg
174760,pos
174761,pos
174762,neu
174763,pos
174764,neg
174765,neg
174766,pos
174767,neu
174768,pos
174769,neg
174770,neg
174771,pos
174772,neu
174773,neu
174774,pos
174775,pos
174776,neg
174777,neg
174778,neg
174779,pos
174780,neg
174781,neg
174782,pos
174783,neu
174784,pos
174785,pos
174786,pos
174787,neg
174788,neg
174789,neg
174790,neg
174791,neg
174792,neu
174793,neg
174794,neg
174795,pos
174796,pos
174797,pos
174798,pos
174799,pos
174800,neu
174801,neu
174802,neu
174803,pos
174804,pos
174805,neg
174806,neu
174807,pos
174808,neg
174809,neg
174810,neu
174811,pos
174812,neg
174813,neu
174815,pos
174816,neg
174817,neg
174818,pos
174819,neg
174820,pos
174821,neg
174822,pos
174823,neg
174824,neg
174825,neg
174826,neg
174827,neg
174828,neg
174829,neg
174830,pos
174831,neg
174832,neg
174833,pos
174834,pos
174835,pos
174836,neg
174837,pos
174838,neg
174839,neu
174840,pos
174841,pos
174842,neu
174843,neg
174844,neg
174845,pos
174846,neu
174847,pos
174848,pos
174849,pos
174850,neg
174851,neu
174852,neg
174853,pos
174854,pos
174855,neg
174856,neu
174857,neu
174858,pos
174859,neg
174860,pos
174861,pos
174862,neg
174863,pos
174864,neg
174865,neg
174866,neg
174867,pos
174868,neg
174869,pos
174870,neg
174871,neg
174872,neg
174873,pos
174874,neg
174875,neg
174876,pos
174877,neg
174878,pos
174879,pos
174880,neg
174881,neg
174882,pos
174883,neg
174884,neg
174885,neg
174886,neg
174887,neg
174888,neg
174889,pos
174890,pos
174891,neu
174892,pos
174893,pos
174894,neg
174895,neg
174896,neg
174897,neu
174898,pos
174899,pos
174900,neu
174901,neg
174902,neg
174903,neu
174904,neg
174905,pos
174906,neg
174907,neg
174908,neu
174909,neg
174910,pos
174911,neg
174912,pos
174913,neu
174914,neu
174915,neg
174916,pos
174917,neg
174918,neg
174919,neg
174920,neg
174921,pos
174922,neg
174923,neu
174924,neg
174925,neu
174926,pos
174927,neg
174928,neu
174929,neg
174930,neg
174931,pos
174932,neu
174933,neu
174934,neg
174935,pos
174936,pos
174937,neg
174938,neg
174939,neg
174940,neg
174941,neu
174942,pos
174943,neu
174944,neg
174945,neg
174946,neu
174947,pos
174948,pos
174949,pos
174950,neg
174951,neg
174952,neg
174953,pos
174954,neg
174955,pos
174956,neg
174957,neg
174958,pos
174959,neu
174960,pos
174961,neg
174962,neg
174963,neg
174964,neg
174965,neg
174966,neg
174967,neg
174968,neg
174969,neg
174970,neg
174971,neg
174972,neg
174973,neg
174974,pos
174975,neg
174976,neg
174977,neg
174978,neg
174979,neg
174980,pos
174981,pos
174982,neg
174983,neg
174984,neg
174985,neg
174986,neu
174987,neu
174988,pos
174989,pos
174990,neg
174991,pos
174992,pos
174993,pos
174994,neg
174995,neg
174996,neg
174997,pos
174998,neu
174999,neu
175000,neu
175001,pos
175002,neu
175003,pos
175004,neu
175005,neu
175006,pos
175007,neg
175008,neg
175009,neg
175010,neg
175011,neg
175012,pos
175013,pos
175014,neg
175015,neu
175016,neg
175017,pos
175018,neg
175019,pos
175020,pos
175021,neg
175023,pos
175024,neu
175025,neg
175026,neg
175027,neu
175028,neg
175029,neg
175030,neg
175031,pos
175032,neu
175033,pos
175034,neg
175035,pos
175036,neg
175037,neg
175038,neg
175039,neg
175040,neg
175041,neu
175042,neg
175043,neg
175044,neg
175045,neg
175046,neg
175047,pos
175048,pos
175049,neu
175050,pos
175051,neg
175052,pos
175053,neg
175054,neu
175055,pos
175056,neg
175057,pos
175058,neg
175059,pos
175060,neg
175061,pos
175062,neg
175063,pos
175064,neu
175065,pos
175066,neu
175067,pos
175068,neu
175069,neg
175070,neg
175071,neg
175072,neg
175073,neg
175074,neg
175075,neg
175076,pos
175077,neu
175078,pos
175079,neg
175080,neg
175081,neu
175082,neu
175083,neg
175084,pos
175085,pos
175086,pos
175087,neg
175088,neg
175089,pos
175090,pos
175091,neu
175092,pos
175093,neg
175094,neg
175095,neg
175096,neg
175097,neg
175098,pos
175099,neg
175100,neg
175101,neu
175102,pos
175103,neg
175104,neg
175105,pos
175106,neg
175107,neg
175108,neu
175109,neg
175110,neu
175111,pos
175112,neg
175113,neg
175114,neu
175115,pos
175116,pos
175117,pos
175118,neu
175119,pos
175120,neg
175121,neg
175122,neu
175123,pos
175124,neu
175125,neg
175126,pos
175127,neg
175128,neg
175129,pos
175130,pos
175131,neg
175132,neu
175133,neg
175134,neg
175135,neg
175136,pos
175137,neg
175138,neg
175139,neg
175140,neg
175141,neg
175142,neg
175143,pos
175144,pos
175145,neg
175146,neu
175147,pos
175148,neg
175149,neg
175150,pos
175151,pos
175153,neu
175154,neg
175155,pos
175156,pos
175157,pos
175158,neu
175159,neg
175160,neg
175161,neu
175162,pos
175163,neg
175164,neg
175165,neg
175166,pos
175167,pos
175168,pos
175169,neg
175170,neg
175171,neg
175172,pos
175173,pos
175174,neg
175175,neg
175176,pos
175177,neu
175178,pos
175179,neg
175180,neg
175181,neu
175182,neg
175183,neg
175184,neg
175185,pos
175186,pos
175187,neu
175188,neg
175189,neg
175190,neg
175191,pos
175192,neg
175193,pos
175194,pos
175195,neg
175196,neg
175197,neg
175198,neg
175199,neg
175200,neg
175201,neg
175202,neg
175203,neg
175204,neg
175205,neg
175206,neg
175207,neg
175208,pos
175209,neg
175210,neg
175211,pos
175212,neu
175213,pos
175214,pos
175215,neg
175216,neg
175217,neg
175218,neg
175219,neu
175220,pos
175221,neu
175222,neu
175223,pos
175224,neu
175225,neu
175226,neu
175227,pos
175228,neg
175229,pos
175230,neg
175231,pos
175232,pos
175233,neu
175234,neg
175235,pos
175236,neu
175237,neg
175238,neg
175239,neg
175240,neu
175241,neg
175242,neg
175243,neg
175244,neu
175245,neu
175246,pos
175247,pos
175248,neu
175249,neg
175251,neg
175252,pos
175253,neg
175254,pos
175255,neu
175256,pos
175257,pos
175258,neg
175259,neg
175260,pos
175261,neg
175262,neu
175263,neu
175264,neg
175265,neg
175266,pos
175267,neg
175268,neg
175269,neg
175270,neg
175271,pos
175272,pos
175274,neg
175275,neg
175276,neu
175277,pos
175278,neg
175279,neu
175280,pos
175281,neg
175282,neu
175283,neg
175284,pos
175285,pos
175286,pos
175287,neg
175288,neg
175289,neg
175290,pos
175291,neg
175292,neg
175293,neu
175294,pos
175295,neu
175296,neg
175297,neg
175298,neg
175299,neg
175300,neg
175301,neg
175302,neg
175303,pos
175304,neg
175305,neg
175306,neu
175307,neg
175308,neg
175309,pos
175310,neg
175311,pos
175312,neu
175313,neu
175314,neg
175315,neu
175316,neu
175317,neu
175318,neg
175319,neu
175320,neg
175321,pos
175322,neg
175323,neu
175324,pos
175325,neg
175326,neg
175327,neu
175328,pos
175329,pos
175330,pos
175331,pos
175332,neg
175333,neg
175334,neu
175335,pos
175336,neg
175337,neg
175338,neg
175339,neu
175340,neg
175341,pos
175342,pos
175343,neg
175344,pos
175345,pos
175346,pos
175347,pos
175348,neg
175349,neg
175350,pos
175351,neg
175352,neg
175353,neg
175354,neu
175355,neg
175356,neg
175357,neg
175358,neu
175359,pos
175360,neu
175361,neg
175362,neg
175363,neg
175364,neg
175365,pos
175366,neg
175367,neu
175368,neg
175369,pos
175370,pos
175371,pos
175372,neg
175373,neu
175374,neu
175375,pos
175376,neg
175377,pos
175378,neu
175379,neu
175380,pos
175381,neg
175382,neg
175383,neg
175384,neg
175385,neu
175386,pos
175387,neg
175388,pos
175389,neg
175390,neu
175391,neg
175392,pos
175393,neg
175394,pos
175395,neu
175396,neu
175397,pos
175398,neg
175399,pos
175400,neg
175401,pos
175402,neg
175403,neu
175404,pos
175405,pos
175406,pos
175407,neg
175408,neg
175409,neg
175410,neu
175411,neg
175412,neg
175413,pos
175414,neg
175415,neu
175416,pos
175417,neg
175418,neg
175419,neg
175420,pos
175421,neu
175422,neg
175423,neu
175424,pos
175425,neg
175426,pos
175427,neg
175429,neg
175430,pos
175431,neg
175432,neg
175433,pos
175434,neu
175435,neg
175436,pos
175437,pos
175438,neg
175439,pos
175440,neg
175441,neg
175442,pos
175443,neg
175444,neg
175445,neg
175447,pos
175448,neu
175449,neu
175450,neu
175451,neg
175452,neg
175453,pos
175454,neg
175455,neu
175456,neg
175457,neu
175458,neg
175459,neg
175460,pos
175461,neg
175462,neg
175463,neg
175464,pos
175465,neg
175466,neg
175467,neu
175468,neu
175469,neg
175470,pos
175471,pos
175472,pos
175473,neu
175474,pos
175475,neu
175476,neu
175477,neu
175478,neu
175479,neu
175480,neg
175481,pos
175482,pos
175483,neg
175484,neu
175485,neg
175486,neg
175487,neu
175488,neu
175489,neg
175490,neg
175492,neu
175493,pos
175494,pos
175495,neg
175496,pos
175497,pos
175498,neg
175499,pos
175500,neg
175501,neg
175502,pos
175503,pos
175504,neg
175505,neg
175506,neg
175507,pos
175508,neu
175509,pos
175510,neg
175511,neu
175512,pos
175513,neu
175514,neg
175515,pos
175516,neu
175517,pos
175518,pos
175519,neg
175520,neg
175521,neg
175522,pos
175523,neg
175524,neu
175525,neu
175526,pos
175527,neu
175528,pos
175529,pos
175530,pos
175531,neg
175532,pos
175533,neu
175534,pos
175535,neu
175536,pos
175537,pos
175538,pos
175539,pos
175540,neg
175541,pos
175542,neg
175543,neg
175544,neu
175545,pos
175546,neg
175547,neu
175548,neg
175549,pos
175550,pos
175551,pos
175552,neg
175553,neg
175554,neg
175555,neg
175556,neg
175557,neg
175558,neg
175559,neu
175560,neg
175561,neg
175562,pos
175563,pos
175564,neu
175565,neg
175566,pos
175567,neu
175568,neg
175569,neg
175570,neg
175571,neg
175572,neg
175573,neg
175574,neu
175575,neg
175576,neu
175577,pos
175578,neg
175579,neg
175580,pos
175581,neg
175582,neu
175583,neu
175584,pos
175585,neu
175586,pos
175587,pos
175588,pos
175589,pos
175590,pos
175591,neg
175592,neu
175593,neu
175594,neg
175595,neg
175596,pos
175597,neg
175598,neg
175599,neg
175600,pos
175601,neg
175602,neg
175603,neg
175604,neu
175605,neg
175606,pos
175607,pos
175608,neg
175609,neu
175610,neu
175611,pos
175612,pos
175613,pos
175614,pos
175615,neu
175616,pos
175617,pos
175618,neg
175619,neg
175620,pos
175621,neg
175622,neg
175623,pos
175624,pos
175625,pos
175626,neg
175627,neg
175628,neg
175629,pos
175630,pos
175631,pos
175632,pos
175633,neg
175634,neu
175635,pos
175636,pos
175637,pos
175638,pos
175639,neg
175640,pos
175641,pos
175642,neg
175643,pos
175644,pos
175645,neg
175646,neu
175647,pos
175648,neg
175649,pos
175650,neg
175651,neg
175652,pos
175653,pos
175654,pos
175655,neu
175656,pos
175657,neu
175658,neu
175659,pos
175660,neg
175661,neg
175662,neg
175663,neg
175664,neu
175665,neg
175666,neu
175667,pos
175668,neu
175669,neg
175670,pos
175671,pos
175672,neu
175673,pos
175674,neg
175675,neg
175676,pos
175677,neg
175678,pos
175679,neu
175680,neu
175681,pos
175682,neg
175683,pos
175684,neu
175685,neu
175686,neg
175687,neu
175688,neg
175689,neg
175690,pos
175691,neu
175692,neg
175693,pos
175694,neg
175695,neg
175696,neu
175697,neg
175698,pos
175699,pos
175700,pos
175701,pos
175702,neg
175703,neg
175704,neu
175705,neg
175706,neg
175707,pos
175708,pos
175709,pos
175710,neu
175711,pos
175712,neu
175713,neu
175714,neu
175715,pos
175716,pos
175717,neg
175718,neg
175719,neu
175720,neu
175721,pos
175722,pos
175723,neg
175724,pos
175725,neg
175726,neg
175727,neg
175728,neg
175729,neg
175730,pos
175731,neg
175732,pos
175733,neg
175734,pos
175735,neg
175736,neu
175737,pos
175738,neu
175739,neg
175740,neg
175741,pos
175742,neu
175743,neu
175744,neg
175745,neg
175746,neg
175747,pos
175748,neg
175749,neg
175750,pos
175751,pos
175752,neg
175753,pos
175754,neg
175755,pos
175756,pos
175757,neg
175758,neg
175759,neg
175760,neu
175761,pos
175762,pos
175763,neg
175764,neg
175765,neg
175766,pos
175767,neg
175768,neg
175769,pos
175770,neg
175771,neu
175772,neu
175773,neg
175774,pos
175775,pos
175776,neg
175777,neg
175778,neg
175779,neg
175780,neg
175781,pos
175782,neg
175783,pos
175784,neg
175785,pos
175786,pos
175787,neu
175788,pos
175789,pos
175790,neg
175791,neg
175792,neg
175793,neg
175794,neg
175795,pos
175796,neg
175797,neu
175798,neg
175799,pos
175800,neg
175801,neg
175802,pos
175803,neg
175804,neg
175805,neg
175806,neu
175807,pos
175808,pos
175809,neg
175810,neg
175811,neg
175812,pos
175813,neu
175814,neg
175815,neg
175816,pos
175817,pos
175818,pos
175819,neu
175820,neu
175821,neu
175822,neu
175823,neg
175824,pos
175825,pos
175826,neg
175827,pos
175828,neg
175829,pos
175830,pos
175831,pos
175832,pos
175833,pos
175834,neg
175835,neg
175836,neu
175837,neg
175838,neg
175839,neg
175840,neu
175841,pos
175842,neg
175843,pos
175844,pos
175845,neg
175846,pos
175847,neg
175848,neu
175849,pos
175850,neu
175851,pos
175852,pos
175853,pos
175854,pos
175855,pos
175856,pos
175857,neg
175858,neu
175859,neg
175860,pos
175861,pos
175862,neg
175863,neg
175864,pos
175865,neg
175866,pos
175867,neu
175868,pos
175869,pos
175870,neg
175871,neu
175872,neu
175873,neg
175874,pos
175875,pos
175876,neu
175877,pos
175878,pos
175879,neu
175880,neg
175881,neg
175882,neg
175883,neu
175884,neg
175885,neu
175886,pos
175887,neu
175888,neg
175889,neg
175890,pos
175891,pos
175892,pos
175893,neg
175894,pos
175895,neg
175896,pos
175897,neg
175898,neg
175899,neg
175900,pos
175901,neg
175902,pos
175903,neg
175904,pos
175905,neu
175906,neu
175907,neu
175908,neg
175909,pos
175910,pos
175911,pos
175912,neg
175913,neg
175914,pos
175915,pos
175916,neg
175917,neu
175918,pos
175919,neg
175920,neg
175921,neg
175922,neg
175923,pos
175924,neu
175925,pos
175926,pos
175927,neg
175928,pos
175929,pos
175930,neu
175931,neg
175932,neu
175933,neg
175934,neg
175935,neg
175936,neg
175937,neg
175938,neu
175939,neg
175940,neg
175941,pos
175942,neg
175943,pos
175944,pos
175945,neu
175946,pos
175947,pos
175948,pos
175949,pos
175950,neg
175951,pos
175952,pos
175953,neg
175954,pos
175955,pos
175956,pos
175957,neu
175958,pos
175959,pos
175960,neg
175961,neu
175962,neu
175963,neg
175964,neu
175965,neu
175966,neg
175967,neu
175968,neg
175969,neg
175970,neg
175971,neu
175972,neu
175973,pos
175974,neu
175975,neg
175976,neg
175977,pos
175978,neg
175979,neu
175980,neu
175981,pos
175982,neg
175983,neg
175984,neg
175985,neg
175986,pos
175987,neu
175988,neg
175989,neg
175990,pos
175991,pos
175992,neg
175993,pos
175994,pos
175995,neg
175996,neg
175997,pos
175998,pos
175999,neg
176000,neg
176001,neg
176002,neu
176003,neg
176004,neu
176005,pos
176006,pos
176007,neg
176008,neu
176009,neu
176010,neg
176011,neg
176012,pos
176013,pos
176014,neg
176015,pos
176016,pos
176017,pos
176018,pos
176019,neg
176020,neg
176021,pos
176022,pos
176023,neg
176024,neu
176025,neu
176026,neg
176027,neu
176028,pos
176029,neu
176030,pos
176031,neg
176032,neg
176033,neg
176034,pos
176035,neg
176036,neg
176037,pos
176038,pos
176039,neg
176040,neu
176041,neu
176042,pos
176043,pos
176044,neu
176045,neu
176046,pos
176047,pos
176048,pos
176049,pos
176050,pos
176051,neg
176052,neg
176053,neg
176054,neu
176055,pos
176056,neu
176057,pos
176058,neg
176059,neu
176060,pos
176061,neu
176062,neu
176063,neg
176064,neg
176065,neu
176066,pos
176067,neg
176068,neg
176069,neu
176070,pos
176071,pos
176072,pos
176073,neu
176074,pos
176075,neg
176076,neg
176077,pos
176078,neg
176079,pos
176080,neg
176081,neg
176082,neu
176083,neu
176084,neg
176085,neu
176086,pos
176087,pos
176088,neg
176089,neg
176090,neg
176091,neg
176092,neg
176093,pos
176094,neg
176095,pos
176096,neg
176097,pos
176098,neg
176099,neg
176100,neu
176101,pos
176102,pos
176103,neg
176104,pos
176105,neg
176106,neu
176107,neg
176108,neg
176109,pos
176110,neg
176111,neg
176112,neg
176113,pos
176114,neg
176115,neg
176116,neg
176117,neu
176118,pos
176119,pos
176120,neu
176121,neu
176122,neg
176123,neg
176124,pos
176125,pos
176126,neg
176127,pos
176128,pos
176129,neg
176130,neu
176131,pos
176132,neg
176133,pos
176134,pos
176135,neg
176136,neg
176137,neg
176138,pos
176139,neg
176140,pos
176141,neg
176142,neu
176143,pos
176144,neg
176145,pos
176146,pos
176147,pos
176148,neg
176149,pos
176150,pos
176151,neu
176152,neg
176153,pos
176154,pos
176155,neg
176156,pos
176157,neg
176158,pos
176159,neu
176160,neg
176161,neg
176162,neg
176163,pos
176164,neu
176165,neg
176166,pos
176167,pos
176168,neg
176169,neg
176170,neg
176171,neg
176172,neu
176173,pos
176174,pos
176175,neg
176176,pos
176177,pos
176178,pos
176179,neu
176180,neg
176181,neg
176183,pos
176184,neu
176185,pos
176186,pos
176187,neu
176188,neu
176189,pos
176190,pos
176191,pos
176192,pos
176193,pos
176194,neg
176195,neg
176196,neg
176197,pos
176198,neg
176199,neg
176200,neg
176201,neg
176202,pos
176203,neu
176204,pos
176205,neg
176206,neu
176207,neg
176208,pos
176209,neg
176210,pos
176211,pos
176212,pos
176213,neg
176214,neg
176215,neu
176216,neg
176217,neu
176218,neg
176219,neu
176220,neg
176221,pos
176222,neg
176223,pos
176224,neu
176225,pos
176226,pos
176227,pos
176228,neg
176229,neg
176230,neg
176231,neu
176232,neu
176233,pos
176234,neg
176235,neg
176236,pos
176237,neg
176238,pos
176239,pos
176240,neu
176241,neg
176242,neg
176243,neg
176244,pos
176245,pos
176246,pos
176247,neg
176248,neu
176249,neu
176250,pos
176251,neg
176252,neg
176253,neg
176254,neg
176255,neu
176256,pos
176257,pos
176258,neu
176259,pos
176260,neg
176261,neg
176262,neg
176263,neu
176264,neg
176265,neg
176266,neg
176267,neg
176268,neu
176269,neg
176270,pos
176271,neg
176272,pos
176273,neg
176274,neu
176275,pos
176276,pos
176277,neg
176278,neg
176279,neg
176280,neg
176281,neu
176282,neg
176283,neg
176284,neg
176285,neg
176286,neg
176287,neg
176288,pos
176289,pos
176290,neg
176291,pos
176292,neg
176293,pos
176294,pos
176295,neg
176296,neg
176297,neg
176298,neg
176299,neg
176300,pos
176301,pos
176302,neu
176303,pos
176304,neg
176305,neu
176306,neg
176307,neg
176308,pos
176309,pos
176310,pos
176311,neu
176312,pos
176313,neg
176314,neg
176315,neg
176316,neu
176317,neg
176318,pos
176319,neg
176320,neu
176321,neg
176322,neu
176323,neg
176324,neg
176325,neu
176326,neg
176327,pos
176328,pos
176329,neg
176330,pos
176331,neg
176332,pos
176333,neg
176334,pos
176335,neg
176336,neg
176337,pos
176338,pos
176339,pos
176340,pos
176341,neg
176342,neg
176343,neg
176344,neu
176345,pos
176346,neu
176348,neg
176349,neu
176350,neg
176351,neg
176352,pos
176353,pos
176354,neu
176355,neg
176356,neg
176357,neu
176358,pos
176359,pos
176360,neg
176361,neu
176362,neg
176363,neg
176364,neg
176365,pos
176366,neg
176367,pos
176368,pos
176369,neg
176370,pos
176371,pos
176372,neg
176373,pos
176374,pos
176375,pos
176376,neu
176377,pos
176378,neg
176379,pos
176380,pos
176381,pos
176382,neg
176383,neg
176384,pos
176385,pos
176386,neg
176387,pos
176388,neg
176389,pos
176390,pos
176391,pos
176392,pos
176393,pos
176394,neg
176395,neg
176396,neu
176397,neg
176398,neu
176399,neu
176400,neg
176401,pos
176402,pos
176403,neg
176404,neu
176405,neg
176406,neg
176407,neu
176408,neg
176409,pos
176410,pos
176411,neg
176412,neg
176413,neg
176414,neg
176415,pos
176416,neg
176417,pos
176418,pos
176419,neu
176420,pos
176421,pos
176422,neg
176423,neg
176424,pos
176425,neg
176426,neg
176427,pos
176428,neu
176429,pos
176430,neu
176431,neg
176432,pos
176433,neu
176434,neu
176435,pos
176436,neu
176437,neu
176438,neu
176439,neg
176440,neg
176441,neg
176442,neg
176443,neg
176444,neu
176445,neu
176446,neg
176447,pos
176448,neu
176449,neg
176450,neg
176451,neg
176452,neg
176453,pos
176454,neu
176455,pos
176456,neg
176457,pos
176458,neg
176459,neu
176460,neg
176462,pos
176463,neg
176464,neu
176465,neu
176466,neg
176467,neg
176468,pos
176469,pos
176470,neg
176471,neg
176472,pos
176473,neg
176474,neu
176475,neg
176476,pos
176477,pos
176478,neg
176479,pos
176480,neg
176481,neg
176482,neg
176483,pos
176484,neg
176485,neu
176486,neg
176487,neu
176488,pos
176489,pos
176490,neu
176491,pos
176492,pos
176493,neg
176494,pos
176495,pos
176496,pos
176497,neg
176498,pos
176499,pos
176500,pos
176501,pos
176502,neg
176503,neu
176504,neu
176505,pos
176506,pos
176507,pos
176508,neg
176509,neg
176510,neg
176511,neu
176512,neg
176513,neg
176514,pos
176516,pos
176517,neu
176518,pos
176519,neg
176520,neu
176521,neg
176522,pos
176523,pos
176524,neu
176525,neu
176526,neg
176527,neg
176528,neu
176529,pos
176530,neg
176531,neu
176532,pos
176533,neg
176534,neg
176535,neg
176536,neu
176537,neu
176538,pos
176539,neg
176540,neg
176541,neg
176542,neg
176543,neu
176544,neg
176545,neg
176546,pos
176547,neu
176548,pos
176549,neu
176550,neg
176551,neu
176552,pos
176553,neg
176554,neg
176555,neu
176556,neu
176557,neg
176558,neu
176559,pos
176560,pos
176561,pos
176562,neg
176563,pos
176564,pos
176565,neg
176566,neg
176567,neg
176568,neu
176569,neu
176570,pos
176571,pos
176572,pos
176573,neg
176574,neg
176575,neg
176576,pos
176577,pos
176578,pos
176579,neu
176580,neu
176581,pos
176582,pos
176583,neu
176584,pos
176585,neg
176586,neg
176587,neg
176588,neg
176589,neg
176590,pos
176591,neu
176592,pos
176593,neg
176594,neg
176595,neg
176596,pos
176597,neg
176598,pos
176599,neg
176600,neg
176601,pos
176602,pos
176603,neu
176604,neg
176605,neg
176606,neu
176607,neg
176608,neg
176609,neg
176610,neg
176611,neg
176612,neu
176613,pos
176614,neu
176615,neg
176616,pos
176618,neg
176619,neu
176620,neg
176621,neg
176622,neg
176623,neu
176624,neg
176625,neg
176626,pos
176627,neu
176628,pos
176629,neg
176630,neg
176631,neg
176632,neu
176633,neu
176634,neg
176635,neu
176636,pos
176637,neg
176638,pos
176639,neu
176640,neg
176641,pos
176642,neg
176643,pos
176644,neg
176645,neg
176646,neg
176647,neg
176648,neg
176649,pos
176650,neg
176651,neg
176652,neg
176653,pos
176654,neg
176655,neg
176656,neg
176657,neg
176658,neg
176659,neu
176660,pos
176661,pos
176662,pos
176663,pos
176664,pos
176665,pos
176666,pos
176667,pos
176668,pos
176669,neu
176670,pos
176671,neu
176672,neg
176673,neg
176674,pos
176675,pos
176676,neu
176677,neg
176678,neg
176679,pos
176680,pos
176681,neu
176682,pos
176683,neu
176684,neg
176685,neg
176686,pos
176687,neu
176688,neu
176689,neg
176690,neu
176691,neu
176692,neg
176693,pos
176694,neu
176695,pos
176696,neg
176697,pos
176698,neu
176699,neu
176700,pos
176701,pos
176702,neg
176703,pos
176704,neu
176705,neg
176706,neu
176707,pos
176708,neu
176709,neg
176710,neg
176711,neg
176712,neu
176713,neu
176714,neg
176715,neg
176716,neg
176717,pos
176718,neg
176719,neu
176720,neg
176721,pos
176722,neg
176723,pos
176724,neg
176725,pos
176726,neg
176727,neg
176728,pos
176729,neu
176730,pos
176731,neu
176732,neg
176733,neg
176734,neg
176735,pos
176736,neg
176737,neu
176738,neg
176739,neg
176740,pos
176741,neg
176742,neg
176743,pos
176744,neu
176745,neg
176746,neg
176747,neu
176748,neg
176749,neu
176750,neg
176751,pos
176752,neg
176753,neg
176754,pos
176755,neg
176756,neg
176757,neg
176758,neg
176759,neg
176760,pos
176761,neg
176762,neg
176763,pos
176764,neg
176765,pos
176766,neu
176767,neu
176768,neg
176769,neg
176770,neu
176771,pos
176772,pos
176773,pos
176774,pos
176775,pos
176776,pos
176777,neg
176778,neg
176779,neu
176780,neg
176781,neg
176782,pos
176783,neu
176784,neg
176785,neu
176786,neg
176787,neu
176788,neg
176789,neu
176790,neu
176791,neg
176792,pos
176793,pos
176794,pos
176795,neu
176796,pos
176797,pos
176798,neg
176799,neg
176800,neg
176801,neg
176802,neu
176803,pos
176804,pos
176805,neg
176806,pos
176807,pos
176808,neg
176809,neg
176810,neg
176811,pos
176812,neg
176813,neg
176814,neg
176815,neg
176816,pos
176817,pos
176818,pos
176819,neg
176820,neg
176821,pos
176822,pos
176823,neg
176824,pos
176825,neg
176826,neg
176827,pos
176828,neu
176829,neu
176830,neg
176831,pos
176832,neg
176833,neg
176834,neg
176836,neg
176837,neg
176838,neg
176839,pos
176840,neg
176841,pos
176842,pos
176843,pos
176844,neu
176845,pos
176846,pos
176847,neg
176848,neu
176849,neg
176850,neg
176851,pos
176852,neg
176853,neu
176854,neg
176855,neg
176856,pos
176857,neg
176858,pos
176859,neg
176860,pos
176862,neg
176863,neg
176864,neg
176865,neg
176866,pos
176867,neg
176868,pos
176869,neg
176870,neg
176871,neg
176872,neg
176873,pos
176874,neu
176875,pos
176876,neu
176877,pos
176878,pos
176879,neg
176880,neg
176881,neu
176882,pos
176883,neg
176884,neu
176885,pos
176886,neg
176887,pos
176888,pos
176889,pos
176890,pos
176891,neg
176892,neg
176893,neu
176894,pos
176895,pos
176896,neg
176897,neu
176898,neg
176899,neg
176900,pos
176901,neg
176902,neg
176903,neg
176904,pos
176905,neg
176906,pos
176907,neg
176908,pos
176909,neg
176910,neg
176911,pos
176912,neg
176913,pos
176914,neg
176915,neu
176916,neg
176917,pos
176918,pos
176919,neg
176920,neu
176921,neg
176922,neg
176923,pos
176924,pos
176925,neu
176926,pos
176927,neg
176928,neg
176929,neg
176930,neg
176931,neg
176932,neg
176933,neg
176934,neu
176935,neg
176936,neu
176937,neg
176938,neg
176939,pos
176940,neg
176941,pos
176942,neg
176943,pos
176944,neg
176945,pos
176946,pos
176948,pos
176949,neg
176950,neu
176951,pos
176952,neg
176953,neu
176954,pos
176955,pos
176956,neu
176957,pos
176958,neg
176959,neg
176960,neu
176961,neg
176962,neg
176963,pos
176964,pos
176965,pos
176966,pos
176967,neu
176968,neg
176969,neg
176970,neg
176971,neu
176972,neu
176973,pos
176974,neg
176975,pos
176976,neu
176977,pos
176978,pos
176979,neg
176980,pos
176981,neg
176982,pos
176983,pos
176984,pos
176985,neg
176986,neg
176987,neu
176988,pos
176989,neu
176990,pos
176991,pos
176992,neg
176993,pos
176994,neg
176995,neg
176996,neu
176997,neg
176998,pos
176999,neu
177000,neu
177001,neu
177002,neu
177003,pos
177004,pos
177005,neg
177006,neu
177007,neg
177008,neu
177009,neg
177010,neg
177011,neu
177012,neg
177013,neu
177014,pos
177015,pos
177016,neg
177017,neg
177018,pos
177019,neu
177020,neg
177021,neu
177022,neg
177023,neg
177024,neu
177025,neg
177026,neu
177027,pos
177028,pos
177029,pos
177030,neu
177031,pos
177032,neg
177033,neg
177034,neg
177035,pos
177036,neg
177037,neg
177038,pos
177039,neu
177040,pos
177041,neu
177042,neg
177043,neg
177044,neg
177045,neg
177046,neg
177047,neg
177048,pos
177049,pos
177050,pos
177051,neg
177052,pos
177053,neu
177054,pos
177055,neu
177056,neg
177057,neg
177058,pos
177059,pos
177060,neu
177061,neu
177062,pos
177063,neg
177064,pos
177065,neg
177066,neg
177067,neg
177068,neg
177069,neu
177070,neg
177071,neg
177072,neg
177073,pos
177074,pos
177075,neg
177076,neg
177077,neg
177078,neg
177079,pos
177080,neg
177081,neu
177082,neg
177083,neg
177084,neg
177085,neu
177086,pos
177087,neg
177088,pos
177089,neu
177090,pos
177091,pos
177092,neg
177093,pos
177094,pos
177095,neg
177096,pos
177097,neg
177098,neu
177099,pos
177100,neg
177101,neu
177102,neg
177103,neg
177104,neg
177105,neg
177106,pos
177107,neg
177108,neg
177109,neg
177110,neg
177111,pos
177112,pos
177113,neg
177114,pos
177115,neg
177116,pos
177117,neu
177118,pos
177119,neu
177120,neg
177121,pos
177122,neg
177123,neg
177124,neg
177125,neg
177126,pos
177127,pos
177128,neu
177129,pos
177130,neg
177131,neg
177132,neg
177133,neu
177134,neu
177135,neg
177136,neg
177137,neg
177138,pos
177139,pos
177140,neg
177141,neu
177142,pos
177143,neg
177144,neu
177145,pos
177146,neg
177147,neg
177148,neg
177149,pos
177150,neu
177151,pos
177152,pos
177153,pos
177154,pos
177155,neg
177156,neg
177157,pos
177158,neu
177159,neg
177160,neg
177161,pos
177162,neu
177163,neu
177164,neg
177165,neg
177166,neu
177167,pos
177168,neg
177169,pos
177170,neu
177171,neg
177172,neu
177173,neg
177174,neu
177175,neg
177176,neu
177177,neg
177178,neg
177179,neu
177180,neg
177181,neg
177182,pos
177183,neg
177184,pos
177185,neg
177186,neg
177187,pos
177188,neu
177189,neu
177190,pos
177191,neg
177192,neg
177193,neu
177194,neg
177195,neu
177196,neg
177197,neg
177198,pos
177199,pos
177200,pos
177201,pos
177202,neg
177203,neg
177204,pos
177205,neg
177206,neg
177207,pos
177208,neu
177209,neu
177210,pos
177211,neg
177212,pos
177213,neg
177214,neg
177215,neg
177216,pos
177217,neg
177218,neg
177219,neg
177220,neg
177221,pos
177222,pos
177223,neg
177224,pos
177225,neg
177226,neg
177227,neg
177228,neu
177229,pos
177230,pos
177231,neg
177232,neu
177233,neg
177234,neg
177235,neg
177236,neu
177237,neg
177238,pos
177239,neg
177240,neg
177241,neu
177242,neg
177243,neg
177244,neu
177245,pos
177246,neg
177247,neu
177248,neg
177249,neg
177250,neu
177251,neu
177252,pos
177253,neg
177254,neg
177255,neg
177256,pos
177257,pos
177258,neg
177259,pos
177260,neu
177261,neg
177262,neu
177263,pos
177264,neg
177265,neu
177266,pos
177267,pos
177268,pos
177269,neu
177270,pos
177271,neu
177272,pos
177273,neu
177274,neg
177275,neg
177276,neg
177277,neg
177278,pos
177279,neg
177280,neu
177281,neg
177282,pos
177283,pos
177284,pos
177285,neg
177286,neg
177287,neg
177288,pos
177289,neg
177290,neg
177291,pos
177292,pos
177293,neg
177294,pos
177295,neg
177296,neg
177297,neu
177298,pos
177299,pos
177300,neg
177301,pos
177302,pos
177303,pos
177304,neg
177305,neg
177306,pos
177307,pos
177308,neg
177309,pos
177310,neg
177311,neg
177312,neg
177313,neu
177314,neg
177315,neg
177316,pos
177317,pos
177318,neg
177319,neu
177320,neg
177321,neg
177322,neg
177323,neg
177324,pos
177325,neg
177326,neg
177327,neg
177328,neg
177329,neg
177330,neg
177331,neu
177332,neu
177333,pos
177334,neg
177335,neg
177336,pos
177337,neu
177338,neu
177339,neu
177340,neg
177341,neu
177342,pos
177343,neu
177344,neg
177345,neu
177346,neu
177347,neg
177348,pos
177349,pos
177350,neg
177351,neu
177352,pos
177353,pos
177354,pos
177355,neg
177356,pos
177357,neg
177358,neu
177359,neg
177360,neg
177361,pos
177362,neg
177363,neg
177364,neg
177365,neg
177366,pos
177367,pos
177368,pos
177369,pos
177370,neu
177371,pos
177372,neg
177373,neg
177374,pos
177375,neu
177376,pos
177377,neg
177378,neg
177379,pos
177380,pos
177381,pos
177382,pos
177383,neg
177384,neu
177385,neu
177386,neg
177387,pos
177388,pos
177389,neg
177390,pos
177391,pos
177392,neu
177393,neg
177394,neu
177395,neg
177396,pos
177397,pos
177398,neg
177399,neg
177400,pos
177401,neg
177402,pos
177403,neu
177404,neu
177405,pos
177406,neu
177407,pos
177408,neg
177409,pos
177410,neg
177411,neg
177412,pos
177413,neu
177414,neg
177415,pos
177416,pos
177417,pos
177418,neu
177419,neg
177420,pos
177421,pos
177422,pos
177423,pos
177424,neu
177425,pos
177426,pos
177427,neg
177428,pos
177429,pos
177430,neu
177431,neg
177432,neg
177433,neg
177434,pos
177435,pos
177436,neg
177437,neg
177438,neg
177439,pos
177440,neg
177442,neg
177443,neg
177444,pos
177445,pos
177446,neg
177447,pos
177448,neg
177449,neu
177450,neg
177451,neg
177452,neu
177453,pos
177454,pos
177455,neg
177456,pos
177457,pos
177458,neu
177459,neg
177460,pos
177461,neu
177462,pos
177463,pos
177464,pos
177465,neg
177466,neg
177467,neg
177468,neg
177469,neg
177470,neg
177471,pos
177472,neg
177473,neg
177474,neu
177475,neg
177476,neu
177477,pos
177478,neu
177479,pos
177480,pos
177481,neg
177482,neg
177483,neg
177484,neg
177485,neg
177486,neu
177487,pos
177488,neg
177489,pos
177490,neg
177491,neg
177492,neg
177493,neg
177494,neg
177495,neg
177496,neg
177497,neg
177498,neg
177499,neu
177500,neg
177501,neg
177502,neg
177503,neu
177504,neg
177505,neg
177506,neg
177507,neg
177508,pos
177509,pos
177510,neu
177511,pos
177512,neg
177513,neg
177514,pos
177515,neg
177516,pos
177517,pos
177518,neg
177519,neg
177520,pos
177521,neg
177522,neg
177523,neg
177524,neg
177525,pos
177526,neu
177527,neg
177528,pos
177529,neu
177530,neg
177531,neg
177532,pos
177533,pos
177534,neg
177535,neu
177536,pos
177537,neg
177538,pos
177539,pos
177540,neu
177541,neg
177542,pos
177543,neu
177544,neu
177545,pos
177546,pos
177547,neg
177548,neg
177549,neg
177550,neg
177551,neg
177552,pos
177553,neg
177554,neg
177555,neg
177556,pos
177557,neu
177558,neu
177559,neg
177560,neg
177561,pos
177562,neg
177563,pos
177564,neu
177565,neg
177566,neg
177567,pos
177568,neg
177569,neu
177570,neu
177571,pos
177572,neg
177573,neg
177574,pos
177575,neg
177576,pos
177577,neg
177578,pos
177579,neg
177580,neg
177581,neg
177582,neg
177583,neg
177584,pos
177585,pos
177586,neu
177587,neg
177588,pos
177589,neg
177590,neu
177591,pos
177592,neg
177593,pos
177594,neu
177595,neg
177596,pos
177597,neg
177598,pos
177599,neu
177600,neu
177601,neg
177602,neg
177603,neu
177604,pos
177605,neu
177606,neg
177607,neg
177608,neu
177609,neg
177610,neg
177611,pos
177612,neu
177613,neg
177614,neu
177615,pos
177616,pos
177617,neg
177618,neg
177619,neu
177620,neg
177621,neu
177622,neg
177623,neg
177624,neg
177625,neg
177626,pos
177627,pos
177628,pos
177629,neg
177630,neu
177631,neu
177632,pos
177633,neg
177634,neg
177635,neg
177636,neg
177637,neu
177638,neg
177639,pos
177640,neu
177641,neg
177642,pos
177643,pos
177644,pos
177645,pos
177646,neg
177647,neg
177648,pos
177649,neg
177650,pos
177651,pos
177652,pos
177653,neg
177654,neg
177655,pos
177656,neu
177657,neg
177658,neg
177659,neu
177660,neu
177661,pos
177662,neu
177663,neu
177664,neu
177665,pos
177666,neg
177667,neg
177668,neu
177669,neu
177670,neg
177671,neg
177672,pos
177673,pos
177674,neg
177675,pos
177676,pos
177677,pos
177678,neg
177679,pos
177680,neg
177681,neg
177682,pos
177683,neg
177684,neg
177685,neu
177686,neu
177687,neg
177688,neu
177689,neg
177690,neg
177691,pos
177692,neg
177693,neu
177694,neu
177695,pos
177696,pos
177697,pos
177698,neg
177699,neu
177700,neg
177701,pos
177702,neg
177703,neu
177704,neg
177705,neg
177706,pos
177707,pos
177708,neg
177709,pos
177710,neg
177711,neg
177712,neu
177713,pos
177714,pos
177715,neu
177716,pos
177717,neu
177718,neg
177719,neg
177720,neu
177721,neg
177722,neg
177723,neg
177724,neu
177725,neg
177726,neu
177727,pos
177728,neg
177729,neu
177730,pos
177731,neg
177732,neg
177733,neg
177734,neg
177735,neg
177736,pos
177737,neu
177738,neg
177739,pos
177740,neg
177741,pos
177742,neu
177743,neg
177744,pos
177745,neg
177746,pos
177747,neg
177748,neu
177749,pos
177750,neu
177751,neu
177752,pos
177753,neu
177754,neg
177755,pos
177756,neg
177757,pos
177758,pos
177759,neg
177760,pos
177761,pos
177762,neu
177763,neg
177764,neu
177765,pos
177766,neg
177767,pos
177768,neg
177769,pos
177770,pos
177771,neu
177772,neg
177773,neg
177774,neg
177775,neg
177776,neg
177777,neg
177778,neg
177779,neg
177780,pos
177781,neg
177782,pos
177783,neg
177784,pos
177785,neu
177786,neu
177787,pos
177788,neg
177789,pos
177790,pos
177791,neu
177792,neu
177793,neg
177794,neg
177795,neg
177796,neg
177797,pos
177798,neg
177799,neg
177800,neu
177801,pos
177802,neg
177803,neg
177804,pos
177805,pos
177806,neg
177807,neu
177808,neu
177809,neg
177810,pos
177811,pos
177812,neg
177813,neg
177814,neg
177815,pos
177816,pos
177817,neg
177818,neu
177819,pos
177820,neg
177821,pos
177822,neu
177823,pos
177824,pos
177825,neu
177826,neg
177827,neg
177828,neu
177829,neg
177830,pos
177831,neg
177832,neg
177833,pos
177834,pos
177835,pos
177836,neg
177837,neg
177838,pos
177839,neu
177840,neg
177841,neg
177842,neg
177843,neg
177844,neg
177845,neu
177846,neg
177847,pos
177848,pos
177849,neu
177850,neu
177851,pos
177852,pos
177853,neu
177854,pos
177855,neg
177856,pos
177857,neg
177858,neu
177859,pos
177860,neg
177861,neu
177862,neg
177863,neg
177864,neu
177865,pos
177866,pos
177867,pos
177869,neg
177870,neu
177871,neu
177872,neg
177873,neu
177874,neu
177875,neu
177876,pos
177877,pos
177878,neg
177879,neg
177880,pos
177881,neg
177882,neg
177883,neg
177884,pos
177885,pos
177886,neg
177887,neg
177888,pos
177889,pos
177890,pos
177891,neg
177892,neu
177893,neg
177894,neu
177895,neu
177896,pos
177897,pos
177898,pos
177899,neg
177900,neg
177901,neg
177902,neu
177903,pos
177904,neg
177905,neg
177906,neg
177907,neu
177908,neg
177909,neu
177910,neu
177911,neg
177912,neu
177913,neg
177914,pos
177915,pos
177916,pos
177917,neg
177918,pos
177919,neg
177920,neu
177921,pos
177922,neu
177923,neu
177924,pos
177925,pos
177926,pos
177927,neg
177928,pos
177929,neu
177930,neg
177931,neg
177932,pos
177933,neg
177934,neg
177935,neg
177936,neg
177937,pos
177938,neg
177939,neg
177940,neu
177941,neu
177942,pos
177943,neg
177944,pos
177945,pos
177946,neg
177947,neu
177948,pos
177949,pos
177950,neu
177951,pos
177952,neg
177953,neg
177954,neg
177955,pos
177956,neg
177957,neg
177958,pos
177959,neg
177960,neg
177961,pos
177962,neg
177963,pos
177964,neg
177965,neg
177966,pos
177967,pos
177968,neg
177969,neg
177970,neu
177971,neg
177972,neg
177973,neg
177974,pos
177975,pos
177976,pos
177977,pos
177978,neu
177979,neg
177980,neg
177981,pos
177982,neu
177983,neg
177984,neg
177985,neu
177986,pos
177987,neg
177988,neu
177989,neu
177990,neg
177991,neg
177992,pos
177993,neu
177994,pos
177995,pos
177996,neg
177997,neu
177998,neu
177999,neu
178000,neg
178001,pos
178002,neg
178003,neu
178004,neg
178005,pos
178006,neg
178007,neu
178008,neg
178009,neu
178010,neu
178011,neu
178012,pos
178013,pos
178014,neg
178015,neg
178016,neg
178017,neg
178018,pos
178019,neu
178020,neu
178021,neu
178022,neg
178023,neu
178024,neg
178025,pos
178026,neu
178027,pos
178028,neg
178029,pos
178030,pos
178031,pos
178032,neg
178033,neg
178034,pos
178035,neg
178036,neu
178037,pos
178038,pos
178039,neg
178040,pos
178041,pos
178042,neg
178043,neu
178044,neu
178045,neu
178046,neg
178047,neg
178048,neg
178049,neu
178050,pos
178051,pos
178052,neg
178053,neu
178054,neg
178055,neg
178056,neu
178057,neg
178058,neg
178059,neg
178060,neg
178061,pos
178062,neu
178063,neg
178064,pos
178065,pos
178066,neg
178067,neu
178068,neg
178069,neg
178070,pos
178071,neg
178072,neu
178073,pos
178074,pos
178075,pos
178076,neg
178077,neu
178078,neg
178079,neg
178080,neg
178081,pos
178082,neg
178083,pos
178084,pos
178085,neg
178086,neg
178087,pos
178088,neg
178089,neu
178090,neg
178091,neg
178092,neu
178093,neu
178094,pos
178095,neu
178096,neg
178097,pos
178098,neg
178099,pos
178100,pos
178101,pos
178102,neu
178103,neg
178104,pos
178105,pos
178106,pos
178107,neg
178108,neg
178109,neg
178110,neg
178111,pos
178112,neg
178113,pos
178114,neu
178115,neu
178116,pos
178117,neg
178118,pos
178119,neg
178120,neg
178121,pos
178122,neu
178123,neg
178124,pos
178125,neu
178126,neg
178127,neu
178128,neg
178129,pos
178130,neg
178131,neu
178132,pos
178133,neu
178134,pos
178135,pos
178136,neg
178137,pos
178138,neu
178139,neg
178140,neu
178141,pos
178142,neg
178143,neu
178144,pos
178145,neg
178146,neu
178147,neu
178148,pos
178149,neu
178150,neu
178151,pos
178152,pos
178153,neg
178154,neu
178155,neg
178156,pos
178157,neu
178158,neg
178159,neg
178160,neg
178161,pos
178162,neu
178163,neg
178164,neg
178165,neg
178166,neg
178167,pos
178168,pos
178169,neu
178170,neg
178171,pos
178172,neg
178173,neg
178174,neg
178175,neg
178176,neu
178177,pos
178178,pos
178179,pos
178180,neg
178181,neg
178182,neg
178183,pos
178184,neg
178185,pos
178186,neg
178187,pos
178188,neg
178189,neu
178190,pos
178191,pos
178192,pos
178193,neg
178194,neg
178195,neg
178196,pos
178197,neu
178198,pos
178199,neg
178200,neg
178201,neg
178202,neg
178203,neu
178204,pos
178205,pos
178206,neg
178207,pos
178208,pos
178209,neg
178210,neg
178211,neg
178212,neg
178213,neu
178214,neu
178215,neg
178216,neu
178217,neg
178218,neu
178219,neu
178220,pos
178221,pos
178222,neg
178223,neg
178224,neg
178225,pos
178226,neg
178227,neg
178228,neg
178229,neg
178230,neu
178231,neg
178232,neg
178233,pos
178234,pos
178235,neg
178236,neg
178237,pos
178238,pos
178239,neu
178240,pos
178241,neg
178242,neg
178243,neg
178244,neu
178245,neg
178246,pos
178247,neu
178248,neg
178249,pos
178250,pos
178251,neg
178252,pos
178253,neg
178254,neg
178255,neg
178256,pos
178257,pos
178258,pos
178259,neg
178260,pos
178261,pos
178262,neg
178263,neg
178264,neg
178265,neg
178266,pos
178267,neg
178268,pos
178269,neg
178270,pos
178271,neu
178272,neu
178273,neu
178274,neg
178275,neg
178276,neu
178277,neg
178278,pos
178279,neu
178280,neu
178281,neg
178282,neg
178283,neu
178284,pos
178285,pos
178286,neu
178287,neg
178288,pos
178289,pos
178290,pos
178291,neu
178292,pos
178293,neg
178294,neg
178295,pos
178296,pos
178297,pos
178298,neg
178299,neu
178300,neg
178301,pos
178302,neu
178303,neg
178304,neg
178305,neu
178306,neu
178307,neg
178308,pos
178309,neg
178310,neu
178311,neu
178312,neg
178313,pos
178314,pos
178315,neg
178316,pos
178317,neg
178318,pos
178319,pos
178320,neg
178321,neu
178322,neg
178323,neu
178324,neg
178325,pos
178326,neg
178327,pos
178328,pos
178329,neg
178330,neu
178331,neg
178332,neg
178333,neg
178334,neg
178335,neg
178336,pos
178337,pos
178338,neg
178339,neg
178340,neu
178341,neu
178342,pos
178343,pos
178344,neg
178345,pos
178346,neu
178347,neg
178348,neu
178349,neg
178350,neg
178351,neu
178352,neu
178353,neg
178354,pos
178355,neu
178356,neg
178357,neg
178358,neg
178359,neg
178360,pos
178361,neg
178362,pos
178363,neg
178364,neg
178365,pos
178366,neu
178367,neu
178368,pos
178369,pos
178370,neu
178371,neu
178372,neu
178373,pos
178374,pos
178375,neg
178376,neg
178377,neu
178378,pos
178379,neu
178380,pos
178381,neu
178382,neg
178383,neg
178384,pos
178385,neg
178386,neg
178387,neu
178388,pos
178389,neg
178390,neg
178391,neg
178392,neg
178393,neu
178394,neg
178395,pos
178396,neg
178397,neg
178398,neu
178399,neu
178400,neu
178401,pos
178402,neu
178403,pos
178404,pos
178405,pos
178406,neu
178407,pos
178408,neg
178409,neu
178410,pos
178411,neg
178412,neg
178413,neg
178414,pos
178415,neu
178416,neu
178417,neu
178418,neg
178419,neg
178420,neg
178421,neu
178422,neg
178423,neg
178424,neg
178425,neg
178426,neg
178427,pos
178428,neg
178429,pos
178430,neu
178431,neg
178432,pos
178433,neg
178434,neg
178435,neg
178436,neg
178437,neg
178438,pos
178439,neu
178440,neg
178441,neg
178442,neg
178443,pos
178444,neu
178445,pos
178446,pos
178447,neu
178448,neu
178449,neg
178450,pos
178451,pos
178452,pos
178453,neg
178454,pos
178455,neg
178456,pos
178457,neg
178458,neg
178459,pos
178460,neu
178461,neu
178462,neg
178463,neu
178464,neu
178465,neg
178466,neu
178467,neu
178468,neg
178469,neg
178470,neu
178471,neu
178472,pos
178473,neu
178474,neg
178475,pos
178476,neg
178477,neg
178478,neg
178479,neg
178480,pos
178481,neg
178482,pos
178483,neg
178484,pos
178485,pos
178486,neg
178487,pos
178488,neu
178489,neu
178490,neg
178491,neg
178492,neg
178493,neg
178494,pos
178495,neg
178496,pos
178497,neg
178498,neg
178499,pos
178500,pos
178501,pos
178502,neg
178503,pos
178504,pos
178505,neg
178506,pos
178507,pos
178508,neg
178509,pos
178510,pos
178511,neu
178512,neg
178513,neu
178514,pos
178515,neg
178516,pos
178517,pos
178518,pos
178519,pos
178520,neu
178521,neg
178522,neu
178523,neu
178524,pos
178525,neu
178526,neg
178527,neg
178528,neg
178529,neg
178530,neu
178531,pos
178532,neg
178533,neg
178534,neg
178535,neu
178536,pos
178537,neg
178538,neg
178539,neu
178540,neg
178541,pos
178542,neg
178543,neg
178544,pos
178545,pos
178546,neg
178547,pos
178548,pos
178549,pos
178550,neg
178551,pos
178552,neu
178554,pos
178555,pos
178556,neg
178557,neg
178558,neu
178559,pos
178560,neu
178561,neu
178562,pos
178563,neg
178565,neu
178566,neg
178567,neg
178568,pos
178569,pos
178570,pos
178571,pos
178572,neg
178573,neg
178574,neg
178575,neg
178576,neg
178577,pos
178578,neg
178579,neu
178580,neg
178581,pos
178582,pos
178583,pos
178584,pos
178585,neg
178586,neu
178587,pos
178588,neu
178589,neu
178590,neg
178591,neg
178592,neg
178593,neg
178594,pos
178596,neg
178597,neu
178598,pos
178599,pos
178600,neg
178601,neg
178602,neg
178603,neg
178604,neg
178605,pos
178606,neu
178607,neu
178608,neg
178609,pos
178610,neg
178611,neg
178612,pos
178613,pos
178614,pos
178615,pos
178616,neu
178617,pos
178618,neg
178619,pos
178620,neg
178621,neu
178622,pos
178623,neu
178624,neg
178625,neg
178626,neg
178627,pos
178628,neu
178629,neu
178630,pos
178631,neu
178632,pos
178633,pos
178634,neu
178635,neg
178636,neg
178637,neg
178638,neg
178639,neg
178640,neg
178641,pos
178642,neg
178643,pos
178644,neu
178645,neg
178646,neg
178647,neu
178648,neu
178649,pos
178650,neu
178651,neg
178652,neg
178653,neu
178654,neu
178655,neu
178656,neu
178657,neu
178658,neg
178659,pos
178660,neu
178661,neu
178662,neg
178663,pos
178664,neu
178665,neg
178666,neg
178668,pos
178669,neg
178670,pos
178671,pos
178672,neg
178673,neg
178674,neg
178675,neg
178676,pos
178677,pos
178678,pos
178679,neg
178680,pos
178681,neu
178682,pos
178683,neg
178684,pos
178685,pos
178686,neu
178687,neu
178688,neu
178689,pos
178690,neu
178691,pos
178692,pos
178693,pos
178694,neg
178695,neg
178696,pos
178697,neg
178698,neg
178699,pos
178700,neg
178701,neu
178702,pos
178703,neg
178704,neg
178705,neg
178706,neg
178707,pos
178708,neu
178709,neu
178710,neg
178711,neg
178712,pos
178713,pos
178714,neg
178715,pos
178716,neg
178717,neu
178718,neg
178719,neu
178720,neg
178721,pos
178722,pos
178723,neg
178724,neu
178725,pos
178726,pos
178727,neu
178728,neg
178729,neu
178730,neu
178731,pos
178732,neg
178733,pos
178734,neu
178735,pos
178736,pos
178737,pos
178738,pos
178739,pos
178740,neg
178741,neg
178742,neg
178743,pos
178744,neg
178745,neg
178746,neu
178747,pos
178748,neg
178749,neu
178750,neg
178751,neu
178752,neg
178753,neg
178754,neg
178755,neg
178756,neg
178757,pos
178758,neg
178759,neu
178760,neg
178761,neg
178762,pos
178763,pos
178764,neg
178765,neu
178766,neu
178767,neg
178768,pos
178769,neu
178770,neg
178771,neg
178772,neg
178773,neg
178774,neg
178775,neg
178776,neg
178777,neg
178778,neg
178779,pos
178780,pos
178781,pos
178782,neg
178783,pos
178784,pos
178785,neu
178786,neu
178787,neu
178788,neg
178789,pos
178790,neu
178791,neg
178792,pos
178793,pos
178794,neg
178795,neg
178796,neg
178797,neg
178798,neg
178799,pos
178800,pos
178801,neu
178802,neg
178803,neg
178804,neg
178805,neg
178806,pos
178807,pos
178808,neu
178809,pos
178810,neg
178811,neg
178812,neg
178813,neu
178814,neg
178815,pos
178816,neg
178817,pos
178818,neu
178819,neg
178820,neg
178821,neu
178822,neu
178823,pos
178824,neg
178825,neg
178826,neg
178827,neu
178828,neg
178829,neg
178830,neg
178831,neg
178832,pos
178833,neg
178834,neg
178835,pos
178836,pos
178837,neu
178838,neg
178839,pos
178840,neu
178841,neu
178842,pos
178843,neg
178844,neg
178845,neg
178846,pos
178847,neg
178848,neg
178849,pos
178850,neg
178851,neu
178852,pos
178853,pos
178854,pos
178855,neu
178856,neg
178857,pos
178858,neg
178859,pos
178860,pos
178861,neg
178862,neg
178863,pos
178864,pos
178865,pos
178866,neg
178867,neu
178868,neg
178869,neu
178870,pos
178871,pos
178872,neu
178873,neg
178874,pos
178875,pos
178876,neu
178877,neg
178878,pos
178879,neg
178880,pos
178881,pos
178882,neg
178883,neu
178884,pos
178885,pos
178886,neu
178887,neg
178888,neg
178889,neu
178890,pos
178891,neg
178892,neu
178893,neu
178894,neg
178895,pos
178896,neu
178897,neu
178898,neg
178899,neg
178900,pos
178901,neu
178902,pos
178903,pos
178904,pos
178905,neg
178906,pos
178907,neg
178908,neu
178909,neg
178910,neg
178911,neu
178912,neg
178913,neg
178914,pos
178915,neg
178916,neg
178917,neg
178918,pos
178919,neg
178920,pos
178921,neg
178922,pos
178923,pos
178924,pos
178925,neg
178926,neg
178927,pos
178928,neu
178929,neg
178930,neg
178931,neu
178932,neg
178933,neg
178934,pos
178935,neg
178936,neg
178937,pos
178938,neg
178939,neg
178940,neg
178941,neg
178942,neu
178943,neg
178944,neg
178945,neu
178946,neg
178947,pos
178948,pos
178949,neg
178950,neg
178951,neg
178952,neu
178953,neg
178954,neu
178955,neu
178956,neu
178957,pos
178958,neg
178959,neg
178960,pos
178961,neg
178962,neu
178963,neu
178964,neu
178965,neg
178966,neu
178967,neg
178968,neg
178969,pos
178970,pos
178971,pos
178972,neg
178973,pos
178974,neg
178975,pos
178976,neu
178977,neg
178978,pos
178979,pos
178980,neu
178981,pos
178982,pos
178983,pos
178984,neg
178985,neu
178986,neg
178987,neg
178988,neu
178989,neg
178990,neg
178991,neu
178992,neg
178993,neg
178994,pos
178995,neu
178996,pos
178997,pos
178998,neg
178999,neg
179000,neg
179001,pos
179002,neu
179003,neu
179004,neg
179005,pos
179006,pos
179007,neg
179008,neg
179009,neg
179010,pos
179011,neg
179012,neg
179013,neg
179014,pos
179015,neu
179016,neg
179017,neg
179018,neg
179019,neg
179020,neg
179021,neg
179022,pos
179023,neg
179024,pos
179025,neu
179026,neu
179027,neu
179028,neg
179029,neg
179030,neg
179031,pos
179032,neg
179034,neg
179035,neg
179036,pos
179037,pos
179038,neg
179039,pos
179040,neg
179041,neu
179042,neg
179043,neu
179044,neg
179045,neu
179046,neg
179047,neg
179048,neu
179049,neg
179050,pos
179051,neg
179052,neg
179053,neg
179054,neu
179055,pos
179056,neg
179057,neg
179058,neg
179059,neg
179060,pos
179061,neg
179062,neu
179063,pos
179064,pos
179065,pos
179066,pos
179067,neg
179068,neg
179069,neg
179070,pos
179071,pos
179072,neu
179073,neg
179074,pos
179075,neg
179076,neg
179077,neg
179078,pos
179079,neg
179080,pos
179081,pos
179082,neg
179083,neu
179084,pos
179085,neg
179086,pos
179087,neu
179089,pos
179090,pos
179091,neu
179092,neg
179093,neg
179094,pos
179095,pos
179096,pos
179097,neu
179098,neg
179099,neg
179100,pos
179101,pos
179102,neg
179103,neg
179104,pos
179105,pos
179106,pos
179107,pos
179108,neu
179109,neu
179110,pos
179111,neg
179112,neu
179113,neu
179114,neg
179115,neg
179116,neu
179117,neg
179118,neg
179119,neg
179120,neg
179121,neg
179122,pos
179123,neg
179124,pos
179125,neu
179126,neg
179127,neu
179128,neg
179129,pos
179130,neu
179131,pos
179132,pos
179133,neg
179134,pos
179135,neu
179136,pos
179137,neu
179138,pos
179139,neg
179140,pos
179141,pos
179142,neu
179144,pos
179145,neg
179146,pos
179147,pos
179148,neu
179149,neg
179150,pos
179151,pos
179152,pos
179153,pos
179154,neu
179155,pos
179156,pos
179157,neg
179158,neg
179159,neu
179160,pos
179161,pos
179162,pos
179163,pos
179164,pos
179165,neu
179166,neg
179167,neg
179168,neg
179169,neu
179170,pos
179171,pos
179172,neg
179173,pos
179174,neg
179175,neg
179176,neg
179177,neg
179178,pos
179179,neu
179180,pos
179181,neg
179182,pos
179183,pos
179184,pos
179185,neu
179186,pos
179187,neg
179188,neg
179189,neg
179190,neg
179191,neg
179192,neg
179193,pos
179194,neg
179195,pos
179196,pos
179197,neu
179198,pos
179199,pos
179200,neu
179201,neu
179202,neg
179203,neg
179204,neu
179205,neg
179206,neg
179207,neg
179208,neu
179209,neu
179210,neu
179211,neg
179212,neu
179213,pos
179214,neg
179215,pos
179216,pos
179217,neg
179218,neg
179219,neu
179220,neu
179221,pos
179222,neu
179223,neu
179224,pos
179225,neg
179226,neg
179227,neg
179228,pos
179229,neg
179230,neg
179231,neg
179232,neu
179233,neg
179234,pos
179235,neg
179236,neg
179237,pos
179238,neu
179239,pos
179240,neg
179241,neu
179242,neg
179243,neg
179244,neu
179245,pos
179246,neg
179247,neg
179248,neg
179249,neg
179250,pos
179251,neg
179252,neu
179253,neg
179254,neg
179255,pos
179256,pos
179257,pos
179258,pos
179259,neg
179260,neg
179261,pos
179262,neu
179263,pos
179264,neu
179265,pos
179266,pos
179267,neg
179268,pos
179269,neu
179270,neg
179271,pos
179272,pos
179273,pos
179274,neu
179275,neu
179276,neg
179277,neg
179278,neu
179279,neu
179280,neu
179281,pos
179282,neg
179283,pos
179284,neg
179285,neu
179286,neu
179287,neg
179288,neg
179289,pos
179290,pos
179291,neg
179292,neu
179293,neg
179294,pos
179295,pos
179296,neg
179297,neg
179298,pos
179299,neg
179300,pos
179301,neg
179302,pos
179303,neg
179304,neg
179305,pos
179306,neg
179307,pos
179308,pos
179309,neu
179310,pos
179311,neg
179312,pos
179313,neg
179314,neg
179315,pos
179316,neg
179317,pos
179318,pos
179319,neg
179320,neg
179321,neg
179322,pos
179323,neg
179324,neg
179325,neu
179326,pos
179327,neg
179328,pos
179329,pos
179330,neu
179332,pos
179333,neg
179334,pos
179335,neg
179336,neg
179337,pos
179338,neg
179339,pos
179340,neu
179341,neg
179342,neg
179343,neg
179344,neg
179345,pos
179346,neu
179347,pos
179348,neg
179349,pos
179350,neu
179351,neg
179352,neu
179353,neg
179354,neg
179355,pos
179356,pos
179357,neg
179358,neg
179359,pos
179360,neg
179361,neg
179362,neg
179363,pos
179364,pos
179365,neg
179366,pos
179367,pos
179368,neg
179369,pos
179370,neg
179371,neg
179372,neg
179373,pos
179374,neg
179375,pos
179376,neu
179377,pos
179378,neg
179379,neg
179380,neg
179381,neg
179382,neg
179383,neu
179384,pos
179385,neg
179386,neu
179387,neg
179388,neg
179389,neg
179390,neg
179391,pos
179392,pos
179393,pos
179394,neg
179395,neg
179396,pos
179397,pos
179398,neu
179399,pos
179400,neu
179401,neg
179402,neu
179403,neu
179404,neu
179405,neg
179406,neu
179407,pos
179408,neg
179409,pos
179410,neg
179411,neu
179412,neg
179413,neu
179414,neg
179415,neg
179416,neg
179417,neg
179418,neu
179419,neu
179420,neg
179421,neg
179422,neg
179423,neg
179424,pos
179425,neg
179426,neg
179427,pos
179428,neu
179429,neg
179430,pos
179431,pos
179432,neg
179433,neu
179434,neu
179435,neu
179436,neu
179437,neu
179438,neg
179439,neu
179440,pos
179441,neu
179442,neu
179443,neg
179444,neg
179445,neu
179446,pos
179447,neg
179448,pos
179449,neg
179450,pos
179451,neg
179452,pos
179453,pos
179454,neg
179455,neg
179456,neg
179457,neg
179458,pos
179459,neg
179460,neg
179461,neg
179462,neu
179463,pos
179464,neu
179465,neg
179466,pos
179467,neu
179468,neu
179469,neu
179470,neu
179471,pos
179472,pos
179473,pos
179474,neg
179475,neu
179476,neu
179477,neg
179478,neg
179479,pos
179480,neu
179481,pos
179482,neg
179483,neu
179484,pos
179485,pos
179486,neg
179487,neg
179488,pos
179489,pos
179490,neg
179491,neu
179492,neu
179493,neg
179494,neg
179495,neg
179496,pos
179497,neg
179498,neg
179499,neg
179500,neg
179501,neg
179502,pos
179503,pos
179504,neg
179505,pos
179506,neg
179507,neg
179508,neu
179509,neg
179510,neu
179511,neg
179512,pos
179513,neu
179514,neu
179515,pos
179516,pos
179517,pos
179518,neu
179519,neg
179520,pos
179521,pos
179522,neg
179523,neg
179524,neg
179525,neg
179526,neg
179527,pos
179528,neu
179529,pos
179530,neg
179531,neg
179532,pos
179533,neg
179534,pos
179535,neu
179536,neg
179537,neg
179538,neu
179539,neu
179540,neu
179541,neg
179542,neg
179543,neg
179544,neg
179545,pos
179546,pos
179547,neg
179548,pos
179549,neu
179550,pos
179551,neg
179552,pos
179553,pos
179554,neg
179555,neg
179556,pos
179557,pos
179558,neu
179559,neu
179560,neg
179561,neu
179562,pos
179563,pos
179564,pos
179565,neg
179566,pos
179567,pos
179568,neg
179569,neu
179570,neg
179571,neg
179572,neg
179573,pos
179574,neu
179575,pos
179576,neg
179577,pos
179578,neg
179579,neu
179580,neg
179581,neg
179582,neg
179583,neg
179584,pos
179585,neu
179586,neu
179587,neu
179588,neg
179589,neu
179590,neg
179591,pos
179592,neu
179593,neg
179594,pos
179595,neu
179596,neg
179597,pos
179598,neu
179599,pos
179600,pos
179601,neg
179602,pos
179603,neg
179604,neg
179605,neu
179606,neg
179607,pos
179608,pos
179609,pos
179610,neg
179611,neg
179612,pos
179613,pos
179614,pos
179615,neu
179616,neu
179617,neg
179618,neg
179619,pos
179620,pos
179621,neg
179622,neu
179623,neu
179624,neg
179625,neg
179626,neg
179627,neg
179628,pos
179629,neg
179630,neg
179631,neg
179632,pos
179633,pos
179634,neg
179635,pos
179636,pos
179637,neu
179638,neg
179639,neu
179640,neu
179641,pos
179642,neu
179643,neg
179644,neg
179645,pos
179646,neg
179647,neu
179648,neg
179649,neg
179650,neg
179651,neg
179652,neg
179653,neg
179654,neg
179655,neg
179656,neu
179657,neg
179658,neg
179659,neg
179660,neg
179661,pos
179662,neg
179663,pos
179664,neu
179665,neg
179666,pos
179667,pos
179668,pos
179669,neg
179670,neu
179671,neg
179672,pos
179673,neg
179674,neu
179675,neg
179676,pos
179677,pos
179678,pos
179679,pos
179680,pos
179681,neu
179682,neu
179683,pos
179684,pos
179685,neg
179686,pos
179687,pos
179688,pos
179689,neg
179690,neu
179691,pos
179692,neg
179693,neu
179694,neg
179695,neu
179696,pos
179697,neg
179698,neu
179699,pos
179700,pos
179701,pos
179702,neg
179703,neg
179704,neu
179705,pos
179706,neg
179707,neg
179708,neu
179709,pos
179710,neg
179711,pos
179712,neg
179713,pos
179714,neu
179715,pos
179716,pos
179717,pos
179718,pos
179719,neg
179720,pos
179721,neg
179722,neu
179723,pos
179724,neu
179725,neg
179726,neg
179727,neu
179728,pos
179729,neu
179730,neg
179731,neg
179732,pos
179733,pos
179734,neu
179735,pos
179736,pos
179737,pos
179738,neg
179739,neg
179740,pos
179741,pos
179742,neg
179743,neu
179744,pos
179745,neu
179746,neu
179747,pos
179748,neu
179749,neu
179750,neg
179751,pos
179752,pos
179753,neg
179754,pos
179755,neg
179756,pos
179757,pos
179758,pos
179759,neu
179760,neg
179761,neg
179762,neg
179763,neg
179764,neu
179765,pos
179766,neu
179767,neg
179768,neg
179769,neg
179770,pos
179771,neg
179772,neg
179773,pos
179774,pos
179775,pos
179776,neg
179777,neg
179778,neg
179779,neu
179780,pos
179781,neg
179782,neg
179783,neg
179784,neu
179785,neg
179786,neg
179787,neg
179788,neu
179789,neg
179790,neg
179791,neg
179792,neu
179793,neu
179794,pos
179796,neg
179797,neg
179798,neu
179799,neg
179800,neg
179801,pos
179802,pos
179803,pos
179804,pos
179805,pos
179806,pos
179807,neu
179808,neg
179809,neg
179810,pos
179811,neg
179812,pos
179813,neu
179814,pos
179815,neg
179816,neg
179817,neu
179818,neg
179819,pos
179820,neg
179821,neg
179822,pos
179823,neg
179824,neg
179825,pos
179826,neg
179827,neg
179828,neu
179829,neu
179830,neg
179831,neu
179832,neg
179833,neg
179834,pos
179835,pos
179836,neu
179837,neu
179838,neu
179839,pos
179840,pos
179841,pos
179842,pos
179843,neg
179844,pos
179845,pos
179846,neg
179847,pos
179848,pos
179849,pos
179850,neu
179851,neg
179852,neg
179853,pos
179854,neg
179855,pos
179856,pos
179857,neu
179858,neg
179859,neg
179860,pos
179861,neg
179862,pos
179863,neg
179864,neg
179865,pos
179866,neg
179867,neu
179868,neg
179869,pos
179870,neu
179871,pos
179872,neg
179873,neu
179874,pos
179875,pos
179876,neu
179877,neg
179878,neu
179879,neg
179880,pos
179881,neg
179882,pos
179883,neu
179884,neg
179885,neg
179886,neu
179887,neu
179888,neg
179889,pos
179890,pos
179891,neg
179892,pos
179893,neg
179894,neg
179895,neg
179896,neu
179897,neu
179898,neg
179899,neg
179900,pos
179901,neg
179902,neg
179903,neg
179904,neu
179905,neu
179906,pos
179907,pos
179908,neg
179909,pos
179910,pos
179911,neu
179912,neu
179914,pos
179915,neg
179916,neu
179917,pos
179918,neg
179919,neg
179920,neg
179921,neg
179922,pos
179923,neu
179924,pos
179925,neg
179926,neg
179927,neu
179928,neu
179929,pos
179930,neu
179931,neg
179932,neg
179933,pos
179934,neg
179935,neg
179936,neg
179937,neg
179938,pos
179939,pos
179940,neu
179941,neg
179942,neg
179943,pos
179944,pos
179945,neu
179946,pos
179947,neg
179948,neu
179949,pos
179950,neg
179951,neu
179952,neg
179953,pos
179954,neg
179955,neg
179956,neu
179957,neu
179958,neg
179959,pos
179960,neu
179961,pos
179962,pos
179963,neg
179964,neg
179965,pos
179966,neg
179967,neu
179968,pos
179969,neu
179970,pos
179971,neu
179972,pos
179973,pos
179974,neg
179975,neg
179976,neu
179977,neg
179978,pos
179979,pos
179980,neg
179981,pos
179982,neu
179983,neg
179984,neg
179985,pos
179986,neg
179987,pos
179988,pos
179989,pos
179990,neg
179991,neg
179992,neu
179993,neu
179994,neg
179995,neu
179996,neg
179997,neu
179998,neu
179999,pos
180000,neg
